      # Time       Position       Velocity   Acceleration
       0.000000       1.000000       0.000000     -10.000000
       0.010000       0.999501      -0.099734      -9.945142
       0.020000       0.998007      -0.198871      -9.880638
       0.030000       0.995526      -0.297315      -9.806600
       0.040000       0.992064      -0.394971      -9.723151
       0.050000       0.987629      -0.491747      -9.630419
       0.060000       0.982232      -0.587549      -9.528545
       0.070000       0.975882      -0.682288      -9.417675
       0.080000       0.968590      -0.775873      -9.297964
       0.090000       0.960369      -0.868218      -9.169576
       0.100000       0.951230      -0.959236      -9.032683
       0.110000       0.941188      -1.048844      -8.887463
       0.120000       0.930258      -1.136959      -8.734103
       0.130000       0.918455      -1.223500      -8.572796
       0.140000       0.905794      -1.308389      -8.403743
       0.150000       0.892293      -1.391549      -8.227151
       0.160000       0.877969      -1.472907      -8.043234
       0.170000       0.862841      -1.552390      -7.852211
       0.180000       0.846927      -1.629929      -7.654310
       0.190000       0.830249      -1.705454      -7.449761
       0.200000       0.812825      -1.778902      -7.238801
       0.210000       0.794678      -1.850210      -7.021674
       0.220000       0.775828      -1.919316      -6.798626
       0.230000       0.756299      -1.986163      -6.569909
       0.240000       0.736113      -2.050696      -6.335780
       0.250000       0.715293      -2.112862      -6.096500
       0.260000       0.693864      -2.172610      -5.852332
       0.270000       0.671849      -2.229893      -5.603544
       0.280000       0.649274      -2.284666      -5.350409
       0.290000       0.626164      -2.336888      -5.093199
       0.300000       0.602545      -2.386518      -4.832192
       0.310000       0.578443      -2.433520      -4.567667
       0.320000       0.553884      -2.477860      -4.299905
       0.330000       0.528894      -2.519508      -4.029190
       0.340000       0.503502      -2.558435      -3.755807
       0.350000       0.477735      -2.594616      -3.480041
       0.360000       0.451619      -2.628029      -3.202179
       0.370000       0.425184      -2.658654      -2.922509
       0.380000       0.398456      -2.686474      -2.641319
       0.390000       0.371464      -2.711476      -2.358897
       0.400000       0.344236      -2.733649      -2.075531
       0.410000       0.316800      -2.752984      -1.791508
       0.420000       0.289185      -2.769478      -1.507114
       0.430000       0.261420      -2.783126      -1.222636
       0.440000       0.233532      -2.793931      -0.938357
       0.450000       0.205551      -2.801895      -0.654560
       0.460000       0.177504      -2.807025      -0.371526
       0.470000       0.149420      -2.809329      -0.089532
       0.480000       0.121327      -2.808820       0.191144
       0.490000       0.093253      -2.805512       0.470230
       0.500000       0.065226      -2.799422       0.747454
       0.510000       0.037273      -2.790570       1.022551
       0.520000       0.009423      -2.778979       1.295255
       0.530000      -0.018297      -2.764673       1.565308
       0.540000      -0.045861      -2.747682       1.832452
       0.550000      -0.073242      -2.728035       2.096437
       0.560000      -0.100413      -2.705765       2.357013
       0.570000      -0.127349      -2.680907       2.613939
       0.580000      -0.154023      -2.653499       2.866977
       0.590000      -0.180410      -2.623581       3.115892
       0.600000      -0.206486      -2.591196       3.360459
       0.610000      -0.232226      -2.556387       3.600454
       0.620000      -0.257606      -2.519202       3.835660
       0.630000      -0.282602      -2.479691       4.065868
       0.640000      -0.307192      -2.437902       4.290873
       0.650000      -0.331353      -2.393891       4.510475
       0.660000      -0.355063      -2.347712       4.724483
       0.670000      -0.378300      -2.299421       4.932712
       0.680000      -0.401044      -2.249077       5.134982
       0.690000      -0.423275      -2.196741       5.331121
       0.700000      -0.444973      -2.142476       5.520965
       0.710000      -0.466118      -2.086344       5.704355
       0.720000      -0.486694      -2.028411       5.881141
       0.730000      -0.506681      -1.968743       6.051179
       0.740000      -0.526063      -1.907410       6.214334
       0.750000      -0.544824      -1.844480       6.370476
       0.760000      -0.562947      -1.780024       6.519486
       0.770000      -0.580419      -1.714114       6.661250
       0.780000      -0.597225      -1.646824       6.795663
       0.790000      -0.613351      -1.578226       6.922627
       0.800000      -0.628786      -1.508396       7.042053
       0.810000      -0.643515      -1.437410       7.153860
       0.820000      -0.657530      -1.365345       7.257974
       0.830000      -0.670819      -1.292277       7.354329
       0.840000      -0.683373      -1.218284       7.442868
       0.850000      -0.695182      -1.143446       7.523542
       0.860000      -0.706239      -1.067840       7.596309
       0.870000      -0.716536      -0.991546       7.661137
       0.880000      -0.726068      -0.914644       7.718000
       0.890000      -0.734828      -0.837213       7.766881
       0.900000      -0.742811      -0.759333       7.807772
       0.910000      -0.750013      -0.681084       7.840671
       0.920000      -0.756431      -0.602546       7.865586
       0.930000      -0.762063      -0.523799       7.882531
       0.940000      -0.766907      -0.444922       7.891529
       0.950000      -0.770961      -0.365994       7.892611
       0.960000      -0.774227      -0.287096       7.885816
       0.970000      -0.776704      -0.208304       7.871189
       0.980000      -0.778394      -0.129698       7.848784
       0.990000      -0.779299      -0.051354       7.818662
       1.000000      -0.779422       0.026650       7.780892
       1.010000      -0.778767       0.104238       7.735550
       1.020000      -0.777339       0.181336       7.682718
       1.030000      -0.775142       0.257868       7.622487
       1.040000      -0.772183       0.333761       7.554953
       1.050000      -0.768469       0.408943       7.480221
       1.060000      -0.764007       0.483342       7.398400
       1.070000      -0.758805       0.556888       7.309608
       1.080000      -0.752872       0.629511       7.213969
       1.090000      -0.746218       0.701145       7.111611
       1.100000      -0.738853       0.771722       7.002670
       1.110000      -0.730788       0.841177       6.887288
       1.120000      -0.722033       0.909446       6.765611
       1.130000      -0.712603       0.976469       6.637794
       1.140000      -0.702508       1.042182       6.503993
       1.150000      -0.691764       1.106529       6.364373
       1.160000      -0.680383       1.169451       6.219101
       1.170000      -0.668380       1.230893       6.068350
       1.180000      -0.655770       1.290800       5.912299
       1.190000      -0.642569       1.349122       5.751129
       1.200000      -0.628793       1.405806       5.585026
       1.210000      -0.614458       1.460806       5.414181
       1.220000      -0.599583       1.514075       5.238788
       1.230000      -0.584183       1.565568       5.059045
       1.240000      -0.568277       1.615242       4.875152
       1.250000      -0.551884       1.663058       4.687313
       1.260000      -0.535022       1.708976       4.495736
       1.270000      -0.517711       1.752960       4.300631
       1.280000      -0.499970       1.794977       4.102209
       1.290000      -0.481818       1.834994       3.900685
       1.300000      -0.463277       1.872981       3.696276
       1.310000      -0.444365       1.908911       3.489199
       1.320000      -0.425105       1.942757       3.279675
       1.330000      -0.405517       1.974497       3.067925
       1.340000      -0.385623       2.004109       2.854171
       1.350000      -0.365442       2.031575       2.638636
       1.360000      -0.344998       2.056877       2.421544
       1.370000      -0.324312       2.080001       2.203120
       1.380000      -0.303406       2.100935       1.983588
       1.390000      -0.282301       2.119670       1.763172
       1.400000      -0.261020       2.136197       1.542097
       1.410000      -0.239584       2.150510       1.320586
       1.420000      -0.218017       2.162608       1.098863
       1.430000      -0.196339       2.172488       0.877150
       1.440000      -0.174574       2.180151       0.655668
       1.450000      -0.152744       2.185602       0.434636
       1.460000      -0.130870       2.188846       0.214273
       1.470000      -0.108974       2.189891      -0.005204
       1.480000      -0.087079       2.188746      -0.223582
       1.490000      -0.065206       2.185424      -0.440647
       1.500000      -0.043378       2.179938      -0.656190
       1.510000      -0.021615       2.172306      -0.870004
       1.520000       0.000061       2.162544      -1.081884
       1.530000       0.021629       2.150675      -1.291627
       1.540000       0.043068       2.136720      -1.499037
       1.550000       0.064357       2.120703      -1.703916
       1.560000       0.085475       2.102650      -1.906075
       1.570000       0.106403       2.082591      -2.105324
       1.580000       0.127120       2.060554      -2.301479
       1.590000       0.147607       2.036572      -2.494360
       1.600000       0.167845       2.010679      -2.683792
       1.610000       0.187815       1.982908      -2.869602
       1.620000       0.207497       1.953299      -3.051623
       1.630000       0.226875       1.921889      -3.229692
       1.640000       0.245929       1.888719      -3.403652
       1.650000       0.264643       1.853830      -3.573349
       1.660000       0.283000       1.817267      -3.738636
       1.670000       0.300983       1.779073      -3.899369
       1.680000       0.318576       1.739295      -4.055412
       1.690000       0.335764       1.697981      -4.206631
       1.700000       0.352531       1.655179      -4.352900
       1.710000       0.368863       1.610940      -4.494098
       1.720000       0.384745       1.565314      -4.630109
       1.730000       0.400165       1.518355      -4.760824
       1.740000       0.415108       1.470116      -4.886139
       1.750000       0.429563       1.420651      -5.005954
       1.760000       0.443517       1.370015      -5.120179
       1.770000       0.456959       1.318266      -5.228728
       1.780000       0.469879       1.265460      -5.331520
       1.790000       0.482265       1.211655      -5.428481
       1.800000       0.494109       1.156910      -5.519544
       1.810000       0.505401       1.101284      -5.604648
       1.820000       0.516132       1.044837      -5.683737
       1.830000       0.526295       0.987629      -5.756763
       1.840000       0.535882       0.929722      -5.823682
       1.850000       0.544887       0.871176      -5.884459
       1.860000       0.553304       0.812053      -5.939064
       1.870000       0.561126       0.752416      -5.987473
       1.880000       0.568351       0.692325      -6.029668
       1.890000       0.574972       0.631843      -6.065638
       1.900000       0.580986       0.571033      -6.095379
       1.910000       0.586391       0.509956      -6.118893
       1.920000       0.591185       0.448676      -6.136185
       1.930000       0.595364       0.387253      -6.147271
       1.940000       0.598930       0.325751      -6.152171
       1.950000       0.601879       0.264230      -6.150910
       1.960000       0.604214       0.202753      -6.143520
       1.970000       0.605935       0.141380      -6.130039
       1.980000       0.607042       0.080172      -6.110511
       1.990000       0.607539       0.019190      -6.084986
       2.000000       0.607427      -0.041507      -6.053518
       2.010000       0.606710      -0.101861      -6.016170
       2.020000       0.605391      -0.161811      -5.973008
       2.030000       0.603475      -0.221302      -5.924103
       2.040000       0.600967      -0.280275      -5.869533
       2.050000       0.597872      -0.338674      -5.809381
       2.060000       0.594196      -0.396444      -5.743734
       2.070000       0.589945      -0.453531      -5.672686
       2.080000       0.585127      -0.509880      -5.596335
       2.090000       0.579750      -0.565440      -5.514782
       2.100000       0.573821      -0.620159      -5.428136
       2.110000       0.567350      -0.673986      -5.336507
       2.120000       0.560345      -0.726873      -5.240013
       2.130000       0.552816      -0.778770      -5.138773
       2.140000       0.544773      -0.829633      -5.032913
       2.150000       0.536227      -0.879414      -4.922561
       2.160000       0.527188      -0.928069      -4.807850
       2.170000       0.517669      -0.975557      -4.688915
       2.180000       0.507681      -1.021834      -4.565896
       2.190000       0.497237      -1.066861      -4.438937
       2.200000       0.486348      -1.110600      -4.308184
       2.210000       0.475029      -1.153013      -4.173786
       2.220000       0.463293      -1.194064      -4.035895
       2.230000       0.451153      -1.233720      -3.894666
       2.240000       0.438623      -1.271947      -3.750257
       2.250000       0.425719      -1.308715      -3.602828
       2.260000       0.412454      -1.343994      -3.452540
       2.270000       0.398844      -1.377757      -3.299559
       2.280000       0.384904      -1.409977      -3.144049
       2.290000       0.370649      -1.440630      -2.986179
       2.300000       0.356096      -1.469693      -2.826118
       2.310000       0.341261      -1.497145      -2.664036
       2.320000       0.326159      -1.522968      -2.500106
       2.330000       0.310807      -1.547142      -2.334499
       2.340000       0.295222      -1.569652      -2.167390
       2.350000       0.279420      -1.590485      -1.998953
       2.360000       0.263418      -1.609628      -1.829362
       2.370000       0.247233      -1.627069      -1.658792
       2.380000       0.230882      -1.642801      -1.487419
       2.390000       0.214382      -1.656816      -1.315416
       2.400000       0.197751      -1.669108      -1.142960
       2.410000       0.181006      -1.679674      -0.970223
       2.420000       0.164164      -1.688512      -0.797380
       2.430000       0.147242      -1.695622      -0.624604
       2.440000       0.130257      -1.701005      -0.452067
       2.450000       0.113227      -1.704664      -0.279940
       2.460000       0.096169      -1.706605      -0.108391
       2.470000       0.079101      -1.706835       0.062410
       2.480000       0.062038      -1.705360       0.232296
       2.490000       0.044999      -1.702192       0.401104
       2.500000       0.028000      -1.697342       0.568670
       2.510000       0.011058      -1.690824       0.734832
       2.520000      -0.005811      -1.682651       0.899434
       2.530000      -0.022590      -1.672841       1.062317
       2.540000      -0.039262      -1.661411       1.223328
       2.550000      -0.055813      -1.648381       1.382316
       2.560000      -0.072225      -1.633772       1.539132
       2.570000      -0.088483      -1.617606       1.693631
       2.580000      -0.104572      -1.599907       1.845670
       2.590000      -0.120476      -1.580701       1.995109
       2.600000      -0.136181      -1.560014       2.141814
       2.610000      -0.151671      -1.537874       2.285650
       2.620000      -0.166933      -1.514311       2.426490
       2.630000      -0.181953      -1.489355       2.564207
       2.640000      -0.196716      -1.463038       2.698679
       2.650000      -0.211209      -1.435393       2.829789
       2.660000      -0.225420      -1.406454       2.957422
       2.670000      -0.239334      -1.376256       3.081469
       2.680000      -0.252941      -1.344837       3.201824
       2.690000      -0.266227      -1.312232       3.318385
       2.700000      -0.279181      -1.278482       3.431055
       2.710000      -0.291793      -1.243625       3.539741
       2.720000      -0.304050      -1.207701       3.644354
       2.730000      -0.315943      -1.170751       3.744810
       2.740000      -0.327462      -1.132819       3.841030
       2.750000      -0.338597      -1.093945       3.932939
       2.760000      -0.349338      -1.054174       4.020467
       2.770000      -0.359677      -1.013551       4.103548
       2.780000      -0.369606      -0.972118       4.182122
       2.790000      -0.379117      -0.929923       4.256133
       2.800000      -0.388202      -0.887011       4.325530
       2.810000      -0.396855      -0.843428       4.390265
       2.820000      -0.405069      -0.799222       4.450300
       2.830000      -0.412838      -0.754438       4.505595
       2.840000      -0.420156      -0.709126       4.556122
       2.850000      -0.427019      -0.663332       4.601851
       2.860000      -0.433421      -0.617105       4.642763
       2.870000      -0.439359      -0.570493       4.678840
       2.880000      -0.444830      -0.523544       4.710070
       2.890000      -0.449829      -0.476307       4.736446
       2.900000      -0.454355      -0.428831       4.757967
       2.910000      -0.458405      -0.381164       4.774635
       2.920000      -0.461978      -0.333355       4.786457
       2.930000      -0.465072      -0.285451       4.793446
       2.940000      -0.467687      -0.237502       4.795619
       2.950000      -0.469822      -0.189555       4.792998
       2.960000      -0.471478      -0.141658       4.785610
       2.970000      -0.472656      -0.093858       4.773485
       2.980000      -0.473356      -0.046204       4.756659
       2.990000      -0.473580       0.001259       4.735173
       3.000000      -0.473331       0.048484       4.709071
       3.010000      -0.472612       0.095426       4.678403
       3.020000      -0.471424       0.142037       4.643221
       3.030000      -0.469772       0.188275       4.603583
       3.040000      -0.467660       0.234094       4.559551
       3.050000      -0.465092       0.279452       4.511191
       3.060000      -0.462072       0.324304       4.458573
       3.070000      -0.458607       0.368609       4.401770
       3.080000      -0.454702       0.412326       4.340860
       3.090000      -0.450363       0.455413       4.275924
       3.100000      -0.445596       0.497831       4.207047
       3.110000      -0.440409       0.539541       4.134317
       3.120000      -0.434808       0.580505       4.057826
       3.130000      -0.428801       0.620685       3.977670
       3.140000      -0.422397       0.660046       3.893946
       3.150000      -0.415603       0.698553       3.806756
       3.160000      -0.408429       0.736170       3.716203
       3.170000      -0.400883       0.772866       3.622396
       3.180000      -0.392975       0.808608       3.525443
       3.190000      -0.384714       0.843365       3.425458
       3.200000      -0.376111       0.877107       3.322554
       3.210000      -0.367175       0.909806       3.216850
       3.220000      -0.357918       0.941435       3.108465
       3.230000      -0.348350       0.971967       2.997519
       3.240000      -0.338483       1.001377       2.884137
       3.250000      -0.328327       1.029642       2.768444
       3.260000      -0.317894       1.056739       2.650567
       3.270000      -0.307196       1.082647       2.530634
       3.280000      -0.296245       1.107345       2.408775
       3.290000      -0.285053       1.130816       2.285121
       3.300000      -0.273633       1.153042       2.159805
       3.310000      -0.261996       1.174007       2.032959
       3.320000      -0.250157       1.193697       1.904719
       3.330000      -0.238127       1.212097       1.775218
       3.340000      -0.225919       1.229197       1.644592
       3.350000      -0.213547       1.244986       1.512978
       3.360000      -0.201024       1.259454       1.380511
       3.370000      -0.188362       1.272594       1.247327
       3.380000      -0.175576       1.284399       1.113564
       3.390000      -0.162679       1.294864       0.979357
       3.400000      -0.149684       1.303985       0.844843
       3.410000      -0.136604       1.311760       0.710157
       3.420000      -0.123453       1.318188       0.575434
       3.430000      -0.110244       1.323269       0.440810
       3.440000      -0.096992       1.327005       0.306417
       3.450000      -0.083709       1.329398       0.172389
       3.460000      -0.070408       1.330454       0.038857
       3.470000      -0.057104       1.330178      -0.094047
       3.480000      -0.043809       1.328576      -0.226195
       3.490000      -0.030537       1.325657      -0.357458
       3.500000      -0.017301       1.321430      -0.487710
       3.510000      -0.004113       1.315906      -0.616825
       3.520000       0.009013       1.309098      -0.744682
       3.530000       0.022065       1.301017      -0.871158
       3.540000       0.035029       1.291680      -0.996134
       3.550000       0.047894       1.281100      -1.119494
       3.560000       0.060647       1.269295      -1.241122
       3.570000       0.073276       1.256284      -1.360905
       3.580000       0.085769       1.242084      -1.478733
       3.590000       0.098114       1.226716      -1.594499
       3.600000       0.110300       1.210201      -1.708096
       3.610000       0.122314       1.192562      -1.819424
       3.620000       0.134147       1.173820      -1.928382
       3.630000       0.145787       1.154002      -2.034873
       3.640000       0.157224       1.133132      -2.138803
       3.650000       0.168446       1.111235      -2.240081
       3.660000       0.179445       1.088339      -2.338620
       3.670000       0.190210       1.064472      -2.434335
       3.680000       0.200731       1.039662      -2.527145
       3.690000       0.211000       1.013939      -2.616971
       3.700000       0.221007       0.987333      -2.703738
       3.710000       0.230744       0.959875      -2.787377
       3.720000       0.240202       0.931596      -2.867817
       3.730000       0.249373       0.902529      -2.944997
       3.740000       0.258250       0.872707      -3.018854
       3.750000       0.266825       0.842163      -3.089331
       3.760000       0.275091       0.810932      -3.156376
       3.770000       0.283041       0.779047      -3.219938
       3.780000       0.290670       0.746545      -3.279971
       3.790000       0.297970       0.713460      -3.336434
       3.800000       0.304937       0.679828      -3.389287
       3.810000       0.311565       0.645686      -3.438496
       3.820000       0.317849       0.611071      -3.484029
       3.830000       0.323785       0.576018      -3.525861
       3.840000       0.329368       0.540566      -3.563967
       3.850000       0.334595       0.504751      -3.598329
       3.860000       0.339462       0.468612      -3.628930
       3.870000       0.343967       0.432185      -3.655758
       3.880000       0.348105       0.395509      -3.678807
       3.890000       0.351876       0.358622      -3.698071
       3.900000       0.355277       0.321560      -3.713551
       3.910000       0.358307       0.284363      -3.725250
       3.920000       0.360964       0.247068      -3.733174
       3.930000       0.363248       0.209712      -3.737336
       3.940000       0.365158       0.172334      -3.737749
       3.950000       0.366695       0.134970      -3.734432
       3.960000       0.367858       0.097658      -3.727407
       3.970000       0.368648       0.060434      -3.716698
       3.980000       0.369067       0.023336      -3.702337
       3.990000       0.369115      -0.013601      -3.684354
       4.000000       0.368796      -0.050339      -3.662785
       4.010000       0.368109      -0.086845      -3.637672
       4.020000       0.367060      -0.123081      -3.609055
       4.030000       0.365649      -0.159014      -3.576981
       4.040000       0.363880      -0.194609      -3.541499
       4.050000       0.361758      -0.229833      -3.502662
       4.060000       0.359285      -0.264652      -3.460525
       4.070000       0.356466      -0.299033      -3.415146
       4.080000       0.353306      -0.332944      -3.366588
       4.090000       0.349809      -0.366354      -3.314913
       4.100000       0.345981      -0.399232      -3.260191
       4.110000       0.341826      -0.431548      -3.202489
       4.120000       0.337352      -0.463272      -3.141881
       4.130000       0.332563      -0.494376      -3.078441
       4.140000       0.327466      -0.524832      -3.012247
       4.150000       0.322069      -0.554612      -2.943379
       4.160000       0.316376      -0.583691      -2.871919
       4.170000       0.310397      -0.612042      -2.797950
       4.180000       0.304138      -0.639642      -2.721560
       4.190000       0.297607      -0.666466      -2.642836
       4.200000       0.290811      -0.692491      -2.561869
       4.210000       0.283760      -0.717696      -2.478750
       4.220000       0.276460      -0.742059      -2.393574
       4.230000       0.268921      -0.765561      -2.306435
       4.240000       0.261152      -0.788182      -2.217430
       4.250000       0.253161      -0.809903      -2.126657
       4.260000       0.244957      -0.830709      -2.034216
       4.270000       0.236550      -0.850582      -1.940207
       4.280000       0.227949      -0.869508      -1.844731
       4.290000       0.219163      -0.887473      -1.747892
       4.300000       0.210202      -0.904462      -1.649792
       4.310000       0.201077      -0.920465      -1.550536
       4.320000       0.191796      -0.935469      -1.450229
       4.330000       0.182371      -0.949466      -1.348976
       4.340000       0.172810      -0.962446      -1.246881
       4.350000       0.163125      -0.974401      -1.144053
       4.360000       0.153326      -0.985325      -1.040596
       4.370000       0.143422      -0.995211      -0.936617
       4.380000       0.133425      -1.004056      -0.832223
       4.390000       0.123345      -1.011855      -0.727519
       4.400000       0.113192      -1.018606      -0.622612
       4.410000       0.102976      -1.024307      -0.517607
       4.420000       0.092709      -1.028958      -0.412610
       4.430000       0.082400      -1.032559      -0.307724
       4.440000       0.072061      -1.035113      -0.203055
       4.450000       0.061702      -1.036621      -0.098706
       4.460000       0.051332      -1.037088       0.005222
       4.470000       0.040963      -1.036519       0.108626
       4.480000       0.030605      -1.034918       0.211406
       4.490000       0.020268      -1.032293       0.313463
       4.500000       0.009963      -1.028651       0.414698
       4.510000      -0.000301      -1.024002       0.515014
       4.520000      -0.010514      -1.018355       0.614316
       4.530000      -0.020665      -1.011719       0.712511
       4.540000      -0.030745      -1.004108       0.809505
       4.550000      -0.040744      -0.995534       0.905207
       4.560000      -0.050653      -0.986009       0.999530
       4.570000      -0.060461      -0.975548       1.092385
       4.580000      -0.070160      -0.964166       1.183688
       4.590000      -0.079741      -0.951880       1.273354
       4.600000      -0.089195      -0.938705       1.361303
       4.610000      -0.098513      -0.924660       1.447456
       4.620000      -0.107685      -0.909762       1.531735
       4.630000      -0.116705      -0.894031       1.614066
       4.640000      -0.125563      -0.877487       1.694377
       4.650000      -0.134252      -0.860151       1.772597
       4.660000      -0.142764      -0.842043       1.848659
       4.670000      -0.151091      -0.823185       1.922498
       4.680000      -0.159225      -0.803600       1.994051
       4.690000      -0.167160      -0.783312       2.063258
       4.700000      -0.174889      -0.762343       2.130062
       4.710000      -0.182405      -0.740719       2.194408
       4.720000      -0.189701      -0.718463       2.256245
       4.730000      -0.196772      -0.695602       2.315523
       4.740000      -0.203611      -0.672162       2.372195
       4.750000      -0.210214      -0.648167       2.426219
       4.760000      -0.216573      -0.623646       2.477553
       4.770000      -0.222685      -0.598625       2.526160
       4.780000      -0.228544      -0.573132       2.572006
       4.790000      -0.234146      -0.547195       2.615057
       4.800000      -0.239486      -0.520841       2.655285
       4.810000      -0.244561      -0.494098       2.692664
       4.820000      -0.249367      -0.466997       2.727171
       4.830000      -0.253900      -0.439565       2.758785
       4.840000      -0.258158      -0.411831       2.787491
       4.850000      -0.262136      -0.383825       2.813272
       4.860000      -0.265833      -0.355575       2.836120
       4.870000      -0.269247      -0.327112       2.856024
       4.880000      -0.272375      -0.298465       2.872980
       4.890000      -0.275216      -0.269662       2.886987
       4.900000      -0.277768      -0.240735       2.898044
       4.910000      -0.280030      -0.211711       2.906155
       4.920000      -0.282002      -0.182621       2.911327
       4.930000      -0.283682      -0.153494       2.913570
       4.940000      -0.285072      -0.124360       2.912895
       4.950000      -0.286170      -0.095246       2.909318
       4.960000      -0.286977      -0.066183       2.902857
       4.970000      -0.287493      -0.037199       2.893534
       4.980000      -0.287721      -0.008322       2.881370
       4.990000      -0.287660       0.020419       2.866393
       5.000000      -0.287313       0.048997       2.848632
       5.010000      -0.286681       0.077383       2.828119
       5.020000      -0.285766       0.105550       2.804886
       5.030000      -0.284571       0.133472       2.778972
       5.040000      -0.283098       0.161121       2.750416
       5.050000      -0.281349       0.188471       2.719258
       5.060000      -0.279329       0.215497       2.685544
       5.070000      -0.277041       0.242174       2.649319
       5.080000      -0.274487       0.268476       2.610633
       5.090000      -0.271672       0.294378       2.569535
       5.100000      -0.268601       0.319859       2.526080
       5.110000      -0.265277       0.344892       2.480321
       5.120000      -0.261705       0.369457       2.432317
       5.130000      -0.257889       0.393531       2.382127
       5.140000      -0.253836       0.417093       2.329810
       5.150000      -0.249549       0.440121       2.275431
       5.160000      -0.245035       0.462595       2.219054
       5.170000      -0.240299       0.484495       2.160744
       5.180000      -0.235347       0.505804       2.100570
       5.190000      -0.230185       0.526501       2.038601
       5.200000      -0.224819       0.546570       1.974908
       5.210000      -0.219256       0.565994       1.909562
       5.220000      -0.213502       0.584756       1.842638
       5.230000      -0.207563       0.602841       1.774210
       5.240000      -0.201447       0.620235       1.704353
       5.250000      -0.195161       0.636924       1.633145
       5.260000      -0.188711       0.652894       1.560663
       5.270000      -0.182105       0.668133       1.486986
       5.280000      -0.175351       0.682630       1.412193
       5.290000      -0.168455       0.696373       1.336365
       5.300000      -0.161426       0.709354       1.259582
       5.310000      -0.154271       0.721562       1.181925
       5.320000      -0.146997       0.732990       1.103477
       5.330000      -0.139613       0.743629       1.024320
       5.340000      -0.132127       0.753474       0.944536
       5.350000      -0.124547       0.762518       0.864208
       5.360000      -0.116880       0.770757       0.783418
       5.370000      -0.109134       0.778185       0.702250
       5.380000      -0.101319       0.784801       0.620786
       5.390000      -0.093441       0.790600       0.539109
       5.400000      -0.085509       0.795583       0.457302
       5.410000      -0.077532       0.799746       0.375447
       5.420000      -0.069517       0.803092       0.293626
       5.430000      -0.061473       0.805619       0.211920
       5.440000      -0.053407       0.807331       0.130410
       5.450000      -0.045329       0.808228       0.049176
       5.460000      -0.037246       0.808315      -0.031701
       5.470000      -0.029165       0.807596      -0.112144
       5.480000      -0.021096       0.806074      -0.192073
       5.490000      -0.013047       0.803756      -0.271412
       5.500000      -0.005024       0.800648      -0.350085
       5.510000       0.002964       0.796757      -0.428016
       5.520000       0.010909       0.792091      -0.505132
       5.530000       0.018803       0.786657      -0.581359
       5.540000       0.026639       0.780467      -0.656626
       5.550000       0.034410       0.773528      -0.730863
       5.560000       0.042107       0.765853      -0.804000
       5.570000       0.049725       0.757452      -0.875971
       5.580000       0.057254       0.748338      -0.946709
       5.590000       0.064689       0.738522      -1.016151
       5.600000       0.072022       0.728019      -1.084232
       5.610000       0.079247       0.716842      -1.150892
       5.620000       0.086357       0.705006      -1.216072
       5.630000       0.093345       0.692526      -1.279714
       5.640000       0.100205       0.679417      -1.341762
       5.650000       0.106931       0.665696      -1.402162
       5.660000       0.113517       0.651380      -1.460862
       5.670000       0.119957       0.636485      -1.517813
       5.680000       0.126245       0.621029      -1.572965
       5.690000       0.132376       0.605032      -1.626274
       5.700000       0.138344       0.588510      -1.677695
       5.710000       0.144144       0.571484      -1.727185
       5.720000       0.149772       0.553973      -1.774707
       5.730000       0.155222       0.535997      -1.820221
       5.740000       0.160490       0.517576      -1.863692
       5.750000       0.165572       0.498730      -1.905088
       5.760000       0.170464       0.479481      -1.944378
       5.770000       0.175161       0.459849      -1.981532
       5.780000       0.179660       0.439857      -2.016524
       5.790000       0.183957       0.419526      -2.049330
       5.800000       0.188049       0.398878      -2.079929
       5.810000       0.191933       0.377935      -2.108300
       5.820000       0.195607       0.356720      -2.134428
       5.830000       0.199067       0.335254      -2.158295
       5.840000       0.202311       0.313561      -2.179892
       5.850000       0.205337       0.291664      -2.199206
       5.860000       0.208144       0.269585      -2.216230
       5.870000       0.210729       0.247347      -2.230959
       5.880000       0.213090       0.224973      -2.243389
       5.890000       0.215228       0.202487      -2.253520
       5.900000       0.217140       0.179911      -2.261352
       5.910000       0.218826       0.157267      -2.266890
       5.920000       0.220285       0.134580      -2.270139
       5.930000       0.221517       0.111872      -2.271108
       5.940000       0.222522       0.089166      -2.269806
       5.950000       0.223301       0.066484      -2.266247
       5.960000       0.223852       0.043848      -2.260446
       5.970000       0.224178       0.021282      -2.252419
       5.980000       0.224278      -0.001193      -2.242185
       5.990000       0.224154      -0.023554      -2.229766
       6.000000       0.223807      -0.045781      -2.215184
       6.010000       0.223239      -0.067851      -2.198466
       6.020000       0.222451      -0.089743      -2.179639
       6.030000       0.221445      -0.111437      -2.158732
       6.040000       0.220223      -0.132911      -2.135775
       6.050000       0.218788      -0.154145      -2.110803
       6.060000       0.217141      -0.175120      -2.083850
       6.070000       0.215286      -0.195816      -2.054953
       6.080000       0.213226      -0.216213      -2.024150
       6.090000       0.210963      -0.236293      -1.991482
       6.100000       0.208501      -0.256037      -1.956991
       6.110000       0.205843      -0.275427      -1.920720
       6.120000       0.202994      -0.294445      -1.882714
       6.130000       0.199956      -0.313075      -1.843020
       6.140000       0.196734      -0.331300      -1.801685
       6.150000       0.193331      -0.349104      -1.758759
       6.160000       0.189753      -0.366470      -1.714294
       6.170000       0.186003      -0.383385      -1.668340
       6.180000       0.182087      -0.399832      -1.620951
       6.190000       0.178008      -0.415799      -1.572182
       6.200000       0.173772      -0.431271      -1.522088
       6.210000       0.169384      -0.446237      -1.470726
       6.220000       0.164849      -0.460682      -1.418153
       6.230000       0.160173      -0.474596      -1.364428
       6.240000       0.155359      -0.487967      -1.309610
       6.250000       0.150415      -0.500785      -1.253759
       6.260000       0.145345      -0.513039      -1.196936
       6.270000       0.140156      -0.524720      -1.139202
       6.280000       0.134853      -0.535820      -1.080620
       6.290000       0.129442      -0.546330      -1.021253
       6.300000       0.123928      -0.556243      -0.961163
       6.310000       0.118319      -0.565551      -0.900414
       6.320000       0.112619      -0.574249      -0.839070
       6.330000       0.106836      -0.582331      -0.777195
       6.340000       0.100975      -0.589791      -0.714853
       6.350000       0.095042      -0.596626      -0.652110
       6.360000       0.089044      -0.602832      -0.589028
       6.370000       0.082988      -0.608406      -0.525674
       6.380000       0.076878      -0.613345      -0.462112
       6.390000       0.070723      -0.617648      -0.398406
       6.400000       0.064528      -0.621313      -0.334620
       6.410000       0.058299      -0.624340      -0.270818
       6.420000       0.052043      -0.626730      -0.207065
       6.430000       0.045766      -0.628482      -0.143423
       6.440000       0.039475      -0.629599      -0.079955
       6.450000       0.033176      -0.630082      -0.016724
       6.460000       0.026876      -0.629934       0.046208
       6.470000       0.020580      -0.629159       0.108780
       6.480000       0.014295      -0.627760       0.170932
       6.490000       0.008027      -0.625742       0.232603
       6.500000       0.001782      -0.623110       0.293735
       6.510000      -0.004433      -0.619869       0.354268
       6.520000      -0.010613      -0.616026       0.414147
       6.530000      -0.016752      -0.611588       0.473314
       6.540000      -0.022843      -0.606563       0.531713
       6.550000      -0.028881      -0.600957       0.589291
       6.560000      -0.034860      -0.594780       0.645994
       6.570000      -0.040775      -0.588040       0.701770
       6.580000      -0.046619      -0.580748       0.756568
       6.590000      -0.052388      -0.572912       0.810337
       6.600000      -0.058076      -0.564544       0.863031
       6.610000      -0.063677      -0.555655       0.914600
       6.620000      -0.069187      -0.546256       0.965001
       6.630000      -0.074601      -0.536359       1.014187
       6.640000      -0.079913      -0.525977       1.062117
       6.650000      -0.085119      -0.515121       1.108748
       6.660000      -0.090214      -0.503806       1.154040
       6.670000      -0.095193      -0.492045       1.197956
       6.680000      -0.100053      -0.479852       1.240458
       6.690000      -0.104789      -0.467241       1.281510
       6.700000      -0.109397      -0.454227       1.321080
       6.710000      -0.113872      -0.440824       1.359134
       6.720000      -0.118212      -0.427049       1.395644
       6.730000      -0.122412      -0.412917       1.430579
       6.740000      -0.126469      -0.398443       1.463912
       6.750000      -0.130380      -0.383644       1.495620
       6.760000      -0.134141      -0.368536       1.525677
       6.770000      -0.137750      -0.353136       1.554063
       6.780000      -0.141203      -0.337460       1.580758
       6.790000      -0.144498      -0.321526       1.605742
       6.800000      -0.147632      -0.305351       1.629000
       6.810000      -0.150604      -0.288952       1.650518
       6.820000      -0.153411      -0.272347       1.670282
       6.830000      -0.156050      -0.255553       1.688281
       6.840000      -0.158521      -0.238587       1.704507
       6.850000      -0.160822      -0.221468       1.718951
       6.860000      -0.162950      -0.204214       1.731609
       6.870000      -0.164906      -0.186842       1.742477
       6.880000      -0.166687      -0.169370       1.751552
       6.890000      -0.168293      -0.151817       1.758836
       6.900000      -0.169723      -0.134200       1.764328
       6.910000      -0.170977      -0.116536       1.768034
       6.920000      -0.172053      -0.098845       1.769957
       6.930000      -0.172953      -0.081143       1.770106
       6.940000      -0.173676      -0.063449       1.768488
       6.950000      -0.174222      -0.045779       1.765115
       6.960000      -0.174592      -0.028152       1.759997
       6.970000      -0.174786      -0.010585       1.753150
       6.980000      -0.174804       0.006905       1.744588
       6.990000      -0.174648       0.024301       1.734329
       7.000000      -0.174318       0.041586       1.722391
       7.010000      -0.173817       0.058743       1.708795
       7.020000      -0.173144       0.075756       1.693562
       7.030000      -0.172302       0.092609       1.676716
       7.040000      -0.171292       0.109285       1.658282
       7.050000      -0.170117       0.125770       1.638285
       7.060000      -0.168778       0.142046       1.616754
       7.070000      -0.167277       0.158100       1.593718
       7.080000      -0.165617       0.173916       1.569208
       7.090000      -0.163799       0.189479       1.543254
       7.100000      -0.161828       0.204776       1.515890
       7.110000      -0.159705       0.219792       1.487151
       7.120000      -0.157433       0.234514       1.457073
       7.130000      -0.155015       0.248929       1.425690
       7.140000      -0.152455       0.263024       1.393043
       7.150000      -0.149756       0.276786       1.359168
       7.160000      -0.146921       0.290203       1.324107
       7.170000      -0.143953       0.303264       1.287900
       7.180000      -0.140857       0.315958       1.250589
       7.190000      -0.137635       0.328273       1.212217
       7.200000      -0.134293       0.340199       1.172827
       7.210000      -0.130833       0.351726       1.132464
       7.220000      -0.127260       0.362845       1.091173
       7.230000      -0.123577       0.373546       1.048999
       7.240000      -0.119790       0.383822       1.005989
       7.250000      -0.115902       0.393664       0.962190
       7.260000      -0.111918       0.403063       0.917650
       7.270000      -0.107842       0.412014       0.872417
       7.280000      -0.103679       0.420510       0.826539
       7.290000      -0.099434       0.428543       0.780066
       7.300000      -0.095110       0.436109       0.733047
       7.310000      -0.090713       0.443202       0.685531
       7.320000      -0.086248       0.449818       0.637568
       7.330000      -0.081718       0.455952       0.589208
       7.340000      -0.077130       0.461601       0.540502
       7.350000      -0.072488       0.466761       0.491499
       7.360000      -0.067797       0.471430       0.442251
       7.370000      -0.063061       0.475606       0.392808
       7.380000      -0.058286       0.479286       0.343219
       7.390000      -0.053477       0.482470       0.293535
       7.400000      -0.048638       0.485157       0.243806
       7.410000      -0.043776       0.487346       0.194082
       7.420000      -0.038893       0.489038       0.144413
       7.430000      -0.033996       0.490235       0.094847
       7.440000      -0.029090       0.490936       0.045433
       7.450000      -0.024179       0.491144      -0.003779
       7.460000      -0.019269       0.490861      -0.052742
       7.470000      -0.014364       0.490090      -0.101408
       7.480000      -0.009469       0.488834      -0.149730
       7.490000      -0.004589       0.487097      -0.197662
       7.500000       0.000272       0.484882      -0.245158
       7.510000       0.005107       0.482195      -0.292172
       7.520000       0.009914       0.479041      -0.338660
       7.530000       0.014687       0.475424      -0.384579
       7.540000       0.019421       0.471351      -0.429885
       7.550000       0.024112       0.466828      -0.474536
       7.560000       0.028756       0.461863      -0.518492
       7.570000       0.033348       0.456461      -0.561711
       7.580000       0.037884       0.450631      -0.604154
       7.590000       0.042359       0.444381      -0.645783
       7.600000       0.046770       0.437718      -0.686560
       7.610000       0.051112       0.430652      -0.726449
       7.620000       0.055382       0.423192      -0.765414
       7.630000       0.059575       0.415347      -0.803422
       7.640000       0.063688       0.407127      -0.840439
       7.650000       0.067716       0.398542      -0.876433
       7.660000       0.071657       0.389602      -0.911373
       7.670000       0.075507       0.380318      -0.945230
       7.680000       0.079262       0.370701      -0.977975
       7.690000       0.082920       0.360762      -1.009581
       7.700000       0.086477       0.350513      -1.040023
       7.710000       0.089929       0.339966      -1.069276
       7.720000       0.093275       0.329132      -1.097316
       7.730000       0.096511       0.318024      -1.124122
       7.740000       0.099635       0.306654      -1.149673
       7.750000       0.102643       0.295035      -1.173950
       7.760000       0.105535       0.283179      -1.196935
       7.770000       0.108306       0.271100      -1.218611
       7.780000       0.110956       0.258811      -1.238964
       7.790000       0.113482       0.246325      -1.257979
       7.800000       0.115882       0.233656      -1.275645
       7.810000       0.118154       0.220817      -1.291951
       7.820000       0.120298       0.207822      -1.306886
       7.830000       0.122310       0.194684      -1.320444
       7.840000       0.124191       0.181417      -1.332617
       7.850000       0.125938       0.168036      -1.343399
       7.860000       0.127551       0.154554      -1.352789
       7.870000       0.129029       0.140985      -1.360782
       7.880000       0.130371       0.127343      -1.367378
       7.890000       0.131576       0.113642      -1.372577
       7.900000       0.132643       0.099896      -1.376381
       7.910000       0.133573       0.086119      -1.378794
       7.920000       0.134366       0.072325      -1.379819
       7.930000       0.135020       0.058527      -1.379463
       7.940000       0.135536       0.044740      -1.377732
       7.950000       0.135915       0.030977      -1.374637
       7.960000       0.136156       0.017252      -1.370185
       7.970000       0.136260       0.003578      -1.364389
       7.980000       0.136228      -0.010031      -1.357261
       7.990000       0.136060      -0.023563      -1.348815
       8.000000       0.135757      -0.037003      -1.339066
       8.010000       0.135320      -0.050340      -1.328029
       8.020000       0.134750      -0.063560      -1.315723
       8.030000       0.134049      -0.076650      -1.302167
       8.040000       0.133218      -0.089599      -1.287379
       8.050000       0.132258      -0.102394      -1.271380
       8.060000       0.131170      -0.115022      -1.254194
       8.070000       0.129958      -0.127474      -1.235842
       8.080000       0.128622      -0.139735      -1.216349
       8.090000       0.127164      -0.151797      -1.195740
       8.100000       0.125586      -0.163647      -1.174041
       8.110000       0.123892      -0.175274      -1.151279
       8.120000       0.122082      -0.186669      -1.127483
       8.130000       0.120159      -0.197820      -1.102680
       8.140000       0.118126      -0.208719      -1.076902
       8.150000       0.115986      -0.219355      -1.050178
       8.160000       0.113740      -0.229720      -1.022540
       8.170000       0.111392      -0.239803      -0.994019
       8.180000       0.108945      -0.249597      -0.964650
       8.190000       0.106401      -0.259093      -0.934465
       8.200000       0.103764      -0.268284      -0.903498
       8.210000       0.101037      -0.277161      -0.871785
       8.220000       0.098222      -0.285717      -0.839360
       8.230000       0.095323      -0.293946      -0.806260
       8.240000       0.092344      -0.301840      -0.772520
       8.250000       0.089288      -0.309394      -0.738179
       8.260000       0.086157      -0.316602      -0.703272
       8.270000       0.082957      -0.323458      -0.667838
       8.280000       0.079689      -0.329957      -0.631915
       8.290000       0.076359      -0.336095      -0.595541
       8.300000       0.072969      -0.341866      -0.558753
       8.310000       0.069523      -0.347269      -0.521593
       8.320000       0.066025      -0.352297      -0.484097
       8.330000       0.062478      -0.356949      -0.446305
       8.340000       0.058887      -0.361222      -0.408257
       8.350000       0.055255      -0.365114      -0.369991
       8.360000       0.051586      -0.368622      -0.331547
       8.370000       0.047884      -0.371744      -0.292965
       8.380000       0.044152      -0.374481      -0.254282
       8.390000       0.040395      -0.376830      -0.215539
       8.400000       0.036617      -0.378791      -0.176774
       8.410000       0.032821      -0.380365      -0.138025
       8.420000       0.029011      -0.381552      -0.099333
       8.430000       0.025191      -0.382352      -0.060734
       8.440000       0.021365      -0.382767      -0.022268
       8.450000       0.017537      -0.382798       0.016029
       8.460000       0.013710      -0.382447       0.054119
       8.470000       0.009889      -0.381717       0.091965
       8.480000       0.006077      -0.380609       0.129531
       8.490000       0.002278      -0.379127       0.166780
       8.500000      -0.001504      -0.377274       0.203677
       8.510000      -0.005266      -0.375055       0.240186
       8.520000      -0.009004      -0.372472       0.276274
       8.530000      -0.012714      -0.369531       0.311907
       8.540000      -0.016393      -0.366236       0.347050
       8.550000      -0.020038      -0.362592       0.381673
       8.560000      -0.023644      -0.358604       0.415741
       8.570000      -0.027209      -0.354279       0.449226
       8.580000      -0.030728      -0.349622       0.482095
       8.590000      -0.034200      -0.344639       0.514319
       8.600000      -0.037620      -0.339337       0.545870
       8.610000      -0.040986      -0.333724       0.576719
       8.620000      -0.044294      -0.327806       0.606839
       8.630000      -0.047541      -0.321590       0.636203
       8.640000      -0.050724      -0.315084       0.664786
       8.650000      -0.053842      -0.308297       0.692564
       8.660000      -0.056889      -0.301236       0.719512
       8.670000      -0.059865      -0.293909       0.745608
       8.680000      -0.062767      -0.286326       0.770831
       8.690000      -0.065591      -0.278496       0.795159
       8.700000      -0.068336      -0.270426       0.818572
       8.710000      -0.070999      -0.262127       0.841052
       8.720000      -0.073578      -0.253608       0.862581
       8.730000      -0.076070      -0.244879       0.883142
       8.740000      -0.078475      -0.235949       0.902720
       8.750000      -0.080789      -0.226828       0.921300
       8.760000      -0.083011      -0.217526       0.938869
       8.770000      -0.085139      -0.208054       0.955413
       8.780000      -0.087171      -0.198421       0.970922
       8.790000      -0.089107      -0.188639       0.985385
       8.800000      -0.090943      -0.178717       0.998793
       8.810000      -0.092680      -0.168667       1.011138
       8.820000      -0.094316      -0.158498       1.022412
       8.830000      -0.095850      -0.148222       1.032611
       8.840000      -0.097280      -0.137849       1.041729
       8.850000      -0.098607      -0.127391       1.049763
       8.860000      -0.099828      -0.116858       1.056709
       8.870000      -0.100944      -0.106260       1.062567
       8.880000      -0.101953      -0.095610       1.067336
       8.890000      -0.102856      -0.084917       1.071016
       8.900000      -0.103651      -0.074193       1.073610
       8.910000      -0.104340      -0.063449       1.075120
       8.920000      -0.104920      -0.052694       1.075550
       8.930000      -0.105393      -0.041941       1.074905
       8.940000      -0.105759      -0.031200       1.073191
       8.950000      -0.106017      -0.020481       1.070415
       8.960000      -0.106169      -0.009795       1.066586
       8.970000      -0.106214       0.000847       1.061712
       8.980000      -0.106152       0.011436       1.055803
       8.990000      -0.105985       0.021960       1.048871
       9.000000      -0.105713       0.032410       1.040926
       9.010000      -0.105337       0.042775       1.031984
       9.020000      -0.104858       0.053046       1.022056
       9.030000      -0.104277       0.063213       1.011159
       9.040000      -0.103594       0.073266       0.999308
       9.050000      -0.102812       0.083196       0.986518
       9.060000      -0.101931       0.092993       0.972809
       9.070000      -0.100952       0.102649       0.958198
       9.080000      -0.099878       0.112154       0.942704
       9.090000      -0.098710       0.121500       0.926347
       9.100000      -0.097449       0.130679       0.909147
       9.110000      -0.096097       0.139681       0.891127
       9.120000      -0.094656       0.148498       0.872307
       9.130000      -0.093127       0.157124       0.852712
       9.140000      -0.091514       0.165550       0.832363
       9.150000      -0.089817       0.173769       0.811286
       9.160000      -0.088039       0.181773       0.789505
       9.170000      -0.086182       0.189557       0.767045
       9.180000      -0.084249       0.197112       0.743932
       9.190000      -0.082241       0.204433       0.720192
       9.200000      -0.080161       0.211514       0.695852
       9.210000      -0.078011       0.218348       0.670940
       9.220000      -0.075795       0.224931       0.645483
       9.230000      -0.073514       0.231256       0.619508
       9.240000      -0.071171       0.237320       0.593046
       9.250000      -0.068768       0.243116       0.566124
       9.260000      -0.066309       0.248641       0.538771
       9.270000      -0.063796       0.253890       0.511018
       9.280000      -0.061232       0.258860       0.482893
       9.290000      -0.058620       0.263547       0.454427
       9.300000      -0.055962       0.267947       0.425649
       9.310000      -0.053262       0.272059       0.396591
       9.320000      -0.050522       0.275878       0.367282
       9.330000      -0.047745       0.279404       0.337753
       9.340000      -0.044935       0.282633       0.308034
       9.350000      -0.042094       0.285564       0.278156
       9.360000      -0.039225       0.288195       0.248150
       9.370000      -0.036331       0.290526       0.218046
       9.380000      -0.033415       0.292556       0.187874
       9.390000      -0.030481       0.294284       0.157666
       9.400000      -0.027531       0.295709       0.127451
       9.410000      -0.024568       0.296833       0.097259
       9.420000      -0.021595       0.297655       0.067122
       9.430000      -0.018615       0.298176       0.037067
       9.440000      -0.015632       0.298396       0.007126
       9.450000      -0.012649       0.298319      -0.022674
       9.460000      -0.009667       0.297943      -0.052302
       9.470000      -0.006691       0.297273      -0.081730
       9.480000      -0.003723       0.296310      -0.110930
       9.490000      -0.000765       0.295055      -0.139873
       9.500000       0.002178       0.293513      -0.168533
       9.510000       0.005104       0.291686      -0.196881
       9.520000       0.008010       0.289577      -0.224892
       9.530000       0.010894       0.287189      -0.252539
       9.540000       0.013753       0.284527      -0.279796
       9.550000       0.016584       0.281595      -0.306638
       9.560000       0.019384       0.278396      -0.333041
       9.570000       0.022151       0.274935      -0.358979
       9.580000       0.024882       0.271218      -0.384430
       9.590000       0.027575       0.267248      -0.409371
       9.600000       0.030226       0.263032      -0.433779
       9.610000       0.032835       0.258575      -0.457632
       9.620000       0.035397       0.253882      -0.480911
       9.630000       0.037911       0.248959      -0.503593
       9.640000       0.040375       0.243812      -0.525660
       9.650000       0.042787       0.238447      -0.547093
       9.660000       0.045144       0.232872      -0.567873
       9.670000       0.047444       0.227092      -0.587983
       9.680000       0.049685       0.221115      -0.607406
       9.690000       0.051865       0.214946      -0.626126
       9.700000       0.053983       0.208595      -0.644129
       9.710000       0.056037       0.202066      -0.661399
       9.720000       0.058024       0.195369      -0.677924
       9.730000       0.059943       0.188510      -0.693690
       9.740000       0.061794       0.181498      -0.708685
       9.750000       0.063573       0.174339      -0.722899
       9.760000       0.065280       0.167042      -0.736321
       9.770000       0.066913       0.159616      -0.748941
       9.780000       0.068472       0.152066      -0.760752
       9.790000       0.069954       0.144403      -0.771744
       9.800000       0.071360       0.136634      -0.781913
       9.810000       0.072687       0.128768      -0.791250
       9.820000       0.073935       0.120812      -0.799752
       9.830000       0.075103       0.112775      -0.807414
       9.840000       0.076190       0.104667      -0.814232
       9.850000       0.077196       0.096494      -0.820204
       9.860000       0.078120       0.088265      -0.825328
       9.870000       0.078961       0.079990      -0.829604
       9.880000       0.079719       0.071676      -0.833030
       9.890000       0.080394       0.063332      -0.835609
       9.900000       0.080986       0.054967      -0.837341
       9.910000       0.081494       0.046588      -0.838230
       9.920000       0.081918       0.038205      -0.838278
       9.930000       0.082258       0.029825      -0.837490
       9.940000       0.082514       0.021458      -0.835870
       9.950000       0.082687       0.013111      -0.833425
       9.960000       0.082776       0.004792      -0.830160
       9.970000       0.082783      -0.003490      -0.826084
       9.980000       0.082707      -0.011727      -0.821204
       9.990000       0.082549      -0.019911      -0.815530
      10.000000       0.082309      -0.028035      -0.809070
