            # x            Gamma(x)
      -4.500000           -0.060020
      -4.495498           -0.060462
      -4.490995           -0.060921
      -4.486493           -0.061394
      -4.481991           -0.061884
      -4.477489           -0.062389
      -4.472986           -0.062911
      -4.468484           -0.063450
      -4.463982           -0.064007
      -4.459480           -0.064581
      -4.454977           -0.065173
      -4.450475           -0.065783
      -4.445973           -0.066413
      -4.441471           -0.067063
      -4.436968           -0.067732
      -4.432466           -0.068422
      -4.427964           -0.069133
      -4.423462           -0.069866
      -4.418959           -0.070622
      -4.414457           -0.071401
      -4.409955           -0.072203
      -4.405453           -0.073030
      -4.400950           -0.073883
      -4.396448           -0.074761
      -4.391946           -0.075667
      -4.387444           -0.076601
      -4.382941           -0.077563
      -4.378439           -0.078555
      -4.373937           -0.079578
      -4.369435           -0.080633
      -4.364932           -0.081721
      -4.360430           -0.082843
      -4.355928           -0.084001
      -4.351426           -0.085196
      -4.346923           -0.086429
      -4.342421           -0.087702
      -4.337919           -0.089016
      -4.333417           -0.090373
      -4.328914           -0.091775
      -4.324412           -0.093224
      -4.319910           -0.094721
      -4.315408           -0.096269
      -4.310905           -0.097870
      -4.306403           -0.099526
      -4.301901           -0.101239
      -4.297399           -0.103013
      -4.292896           -0.104850
      -4.288394           -0.106753
      -4.283892           -0.108726
      -4.279390           -0.110770
      -4.274887           -0.112891
      -4.270385           -0.115092
      -4.265883           -0.117377
      -4.261381           -0.119751
      -4.256878           -0.122217
      -4.252376           -0.124782
      -4.247874           -0.127450
      -4.243372           -0.130227
      -4.238869           -0.133120
      -4.234367           -0.136136
      -4.229865           -0.139280
      -4.225363           -0.142562
      -4.220860           -0.145990
      -4.216358           -0.149573
      -4.211856           -0.153320
      -4.207354           -0.157244
      -4.202851           -0.161355
      -4.198349           -0.165666
      -4.193847           -0.170192
      -4.189345           -0.174947
      -4.184842           -0.179949
      -4.180340           -0.185217
      -4.175838           -0.190770
      -4.171336           -0.196632
      -4.166833           -0.202828
      -4.162331           -0.209385
      -4.157829           -0.216335
      -4.153327           -0.223712
      -4.148824           -0.231556
      -4.144322           -0.239909
      -4.139820           -0.248823
      -4.135318           -0.258352
      -4.130815           -0.268561
      -4.126313           -0.279523
      -4.121811           -0.291321
      -4.117309           -0.304052
      -4.112806           -0.317827
      -4.108304           -0.332778
      -4.103802           -0.349058
      -4.099300           -0.366848
      -4.094797           -0.386363
      -4.090295           -0.407862
      -4.085793           -0.431658
      -4.081291           -0.458133
      -4.076788           -0.487758
      -4.072286           -0.521124
      -4.067784           -0.558975
      -4.063282           -0.602271
      -4.058779           -0.652262
      -4.054277           -0.710616
      -4.049775           -0.779603
      -4.045273           -0.862397
      -4.040770           -0.963573
      -4.036268           -1.089978
      -4.031766           -1.252341
      -4.027264           -1.468478
      -4.022761           -1.770302
      -4.018259           -2.221200
      -4.013757           -2.967540
      -4.009255           -4.440516
      -4.004752           -8.705315
      -4.000250                 NaN
      -3.995748            9.862249
      -3.991246            4.823261
      -3.986743            3.207332
      -3.982241            2.411012
      -3.977739            1.937014
      -3.973237            1.622673
      -3.968734            1.399020
      -3.964232            1.231811
      -3.959730            1.102116
      -3.955228            0.998620
      -3.950725            0.914144
      -3.946223            0.843911
      -3.941721            0.784623
      -3.937219            0.733926
      -3.932716            0.690096
      -3.928214            0.651844
      -3.923712            0.618182
      -3.919210            0.588344
      -3.914707            0.561726
      -3.910205            0.537845
      -3.905703            0.516310
      -3.901201            0.496801
      -3.896698            0.479054
      -3.892196            0.462850
      -3.887694            0.448003
      -3.883192            0.434359
      -3.878689            0.421784
      -3.874187            0.410164
      -3.869685            0.399401
      -3.865183            0.389410
      -3.860680            0.380118
      -3.856178            0.371459
      -3.851676            0.363378
      -3.847174            0.355823
      -3.842671            0.348750
      -3.838169            0.342121
      -3.833667            0.335900
      -3.829165            0.330055
      -3.824662            0.324559
      -3.820160            0.319386
      -3.815658            0.314514
      -3.811156            0.309921
      -3.806653            0.305590
      -3.802151            0.301503
      -3.797649            0.297645
      -3.793147            0.294002
      -3.788644            0.290560
      -3.784142            0.287309
      -3.779640            0.284238
      -3.775138            0.281336
      -3.770635            0.278595
      -3.766133            0.276005
      -3.761631            0.273561
      -3.757129            0.271254
      -3.752626            0.269078
      -3.748124            0.267026
      -3.743622            0.265094
      -3.739120            0.263276
      -3.734617            0.261567
      -3.730115            0.259963
      -3.725613            0.258459
      -3.721111            0.257052
      -3.716608            0.255738
      -3.712106            0.254514
      -3.707604            0.253376
      -3.703102            0.252323
      -3.698599            0.251350
      -3.694097            0.250456
      -3.689595            0.249638
      -3.685093            0.248895
      -3.680590            0.248223
      -3.676088            0.247622
      -3.671586            0.247090
      -3.667084            0.246624
      -3.662581            0.246224
      -3.658079            0.245888
      -3.653577            0.245614
      -3.649075            0.245403
      -3.644572            0.245252
      -3.640070            0.245160
      -3.635568            0.245128
      -3.631066            0.245153
      -3.626563            0.245235
      -3.622061            0.245375
      -3.617559            0.245570
      -3.613057            0.245820
      -3.608554            0.246126
      -3.604052            0.246486
      -3.599550            0.246901
      -3.595048            0.247370
      -3.590545            0.247893
      -3.586043            0.248469
      -3.581541            0.249100
      -3.577039            0.249784
      -3.572536            0.250522
      -3.568034            0.251314
      -3.563532            0.252160
      -3.559030            0.253060
      -3.554527            0.254015
      -3.550025            0.255025
      -3.545523            0.256090
      -3.541021            0.257210
      -3.536518            0.258387
      -3.532016            0.259621
      -3.527514            0.260912
      -3.523012            0.262260
      -3.518509            0.263668
      -3.514007            0.265135
      -3.509505            0.266662
      -3.505003            0.268250
      -3.500500            0.269901
      -3.495998            0.271615
      -3.491496            0.273392
      -3.486993            0.275235
      -3.482491            0.277145
      -3.477989            0.279123
      -3.473487            0.281169
      -3.468984            0.283287
      -3.464482            0.285476
      -3.459980            0.287740
      -3.455478            0.290078
      -3.450975            0.292494
      -3.446473            0.294989
      -3.441971            0.297565
      -3.437469            0.300224
      -3.432966            0.302968
      -3.428464            0.305800
      -3.423962            0.308721
      -3.419460            0.311735
      -3.414957            0.314844
      -3.410455            0.318051
      -3.405953            0.321358
      -3.401451            0.324769
      -3.396948            0.328287
      -3.392446            0.331916
      -3.387944            0.335658
      -3.383442            0.339517
      -3.378939            0.343498
      -3.374437            0.347605
      -3.369935            0.351841
      -3.365433            0.356212
      -3.360930            0.360721
      -3.356428            0.365376
      -3.351926            0.370179
      -3.347424            0.375138
      -3.342921            0.380258
      -3.338419            0.385545
      -3.333917            0.391006
      -3.329415            0.396648
      -3.324912            0.402478
      -3.320410            0.408504
      -3.315908            0.414734
      -3.311406            0.421177
      -3.306903            0.427843
      -3.302401            0.434740
      -3.297899            0.441880
      -3.293397            0.449274
      -3.288894            0.456932
      -3.284392            0.464869
      -3.279890            0.473097
      -3.275388            0.481630
      -3.270885            0.490484
      -3.266383            0.499675
      -3.261881            0.509220
      -3.257379            0.519137
      -3.252876            0.529448
      -3.248374            0.540173
      -3.243872            0.551335
      -3.239370            0.562958
      -3.234867            0.575071
      -3.230365            0.587700
      -3.225863            0.600878
      -3.221361            0.614638
      -3.216858            0.629015
      -3.212356            0.644051
      -3.207854            0.659787
      -3.203352            0.676270
      -3.198849            0.693552
      -3.194347            0.711687
      -3.189845            0.730738
      -3.185343            0.750770
      -3.180840            0.771858
      -3.176338            0.794083
      -3.171836            0.817534
      -3.167334            0.842311
      -3.162831            0.868524
      -3.158329            0.896295
      -3.153827            0.925764
      -3.149325            0.957082
      -3.144822            0.990424
      -3.140320            1.025985
      -3.135818            1.063986
      -3.131316            1.104678
      -3.126813            1.148349
      -3.122311            1.195329
      -3.117809            1.245998
      -3.113307            1.300797
      -3.108804            1.360238
      -3.104302            1.424924
      -3.099800            1.495567
      -3.095298            1.573011
      -3.090795            1.658270
      -3.086293            1.752568
      -3.081791            1.857399
      -3.077289            1.974606
      -3.072786            2.106487
      -3.068284            2.255946
      -3.063782            2.426709
      -3.059280            2.623630
      -3.054777            2.853164
      -3.050275            3.124074
      -3.045773            3.448573
      -3.041271            3.844203
      -3.036768            4.337099
      -3.032266            4.967980
      -3.027764            5.803983
      -3.023262            6.964215
      -3.018759            8.682131
      -3.014257           11.486078
      -3.009755           16.879809
      -3.005253                 NaN
      -3.000750                 NaN
      -2.996248                 NaN
      -2.991746                 NaN
      -2.987244          -13.279646
      -2.982741           -9.873062
      -2.978239           -7.876848
      -2.973737           -6.565680
      -2.969235           -5.638812
      -2.964732           -4.949072
      -2.960230           -4.415934
      -2.955728           -3.991624
      -2.951226           -3.646012
      -2.946723           -3.359151
      -2.942221           -3.117310
      -2.937719           -2.910732
      -2.933217           -2.732288
      -2.928714           -2.576652
      -2.924212           -2.439763
      -2.919710           -2.318470
      -2.915208           -2.210294
      -2.910705           -2.113252
      -2.906203           -2.025747
      -2.901701           -1.946469
      -2.897199           -1.874342
      -2.892696           -1.808469
      -2.888194           -1.748097
      -2.883692           -1.692590
      -2.879190           -1.641409
      -2.874687           -1.594088
      -2.870185           -1.550230
      -2.865683           -1.509489
      -2.861181           -1.471566
      -2.856678           -1.436196
      -2.852176           -1.403151
      -2.847674           -1.372225
      -2.843172           -1.343241
      -2.838669           -1.316038
      -2.834167           -1.290473
      -2.829665           -1.266420
      -2.825163           -1.243765
      -2.820660           -1.222404
      -2.816158           -1.202247
      -2.811656           -1.183208
      -2.807154           -1.165214
      -2.802651           -1.148194
      -2.798149           -1.132087
      -2.793647           -1.116835
      -2.789145           -1.102388
      -2.784642           -1.088696
      -2.780140           -1.075716
      -2.775638           -1.063409
      -2.771136           -1.051737
      -2.766633           -1.040667
      -2.762131           -1.030168
      -2.757629           -1.020210
      -2.753127           -1.010766
      -2.748624           -1.001813
      -2.744122           -0.993327
      -2.739620           -0.985286
      -2.735118           -0.977672
      -2.730615           -0.970466
      -2.726113           -0.963651
      -2.721611           -0.957211
      -2.717109           -0.951131
      -2.712606           -0.945398
      -2.708104           -0.939998
      -2.703602           -0.934921
      -2.699100           -0.930154
      -2.694597           -0.925687
      -2.690095           -0.921511
      -2.685593           -0.917616
      -2.681091           -0.913994
      -2.676588           -0.910638
      -2.672086           -0.907539
      -2.667584           -0.904692
      -2.663082           -0.902089
      -2.658579           -0.899724
      -2.654077           -0.897593
      -2.649575           -0.895690
      -2.645073           -0.894010
      -2.640570           -0.892550
      -2.636068           -0.891304
      -2.631566           -0.890269
      -2.627064           -0.889441
      -2.622561           -0.888819
      -2.618059           -0.888397
      -2.613557           -0.888175
      -2.609055           -0.888150
      -2.604552           -0.888319
      -2.600050           -0.888681
      -2.595548           -0.889233
      -2.591046           -0.889976
      -2.586543           -0.890907
      -2.582041           -0.892026
      -2.577539           -0.893331
      -2.573037           -0.894822
      -2.568534           -0.896499
      -2.564032           -0.898362
      -2.559530           -0.900410
      -2.555028           -0.902644
      -2.550525           -0.905064
      -2.546023           -0.907671
      -2.541521           -0.910465
      -2.537019           -0.913448
      -2.532516           -0.916621
      -2.528014           -0.919984
      -2.523512           -0.923540
      -2.519010           -0.927290
      -2.514507           -0.931235
      -2.510005           -0.935379
      -2.505503           -0.939723
      -2.501001           -0.944270
      -2.496498           -0.949023
      -2.491996           -0.953984
      -2.487494           -0.959156
      -2.482991           -0.964544
      -2.478489           -0.970149
      -2.473987           -0.975977
      -2.469485           -0.982031
      -2.464982           -0.988315
      -2.460480           -0.994834
      -2.455978           -1.001593
      -2.451476           -1.008597
      -2.446973           -1.015850
      -2.442471           -1.023360
      -2.437969           -1.031131
      -2.433467           -1.039170
      -2.428964           -1.047483
      -2.424462           -1.056078
      -2.419960           -1.064961
      -2.415458           -1.074141
      -2.410955           -1.083626
      -2.406453           -1.093423
      -2.401951           -1.103543
      -2.397449           -1.113993
      -2.392946           -1.124785
      -2.388444           -1.135929
      -2.383942           -1.147435
      -2.379440           -1.159316
      -2.374937           -1.171582
      -2.370435           -1.184248
      -2.365933           -1.197327
      -2.361431           -1.210832
      -2.356928           -1.224779
      -2.352426           -1.239184
      -2.347924           -1.254063
      -2.343422           -1.269433
      -2.338919           -1.285314
      -2.334417           -1.301724
      -2.329915           -1.318686
      -2.325413           -1.336219
      -2.320910           -1.354348
      -2.316408           -1.373098
      -2.311906           -1.392493
      -2.307404           -1.412562
      -2.302901           -1.433334
      -2.298399           -1.454840
      -2.293897           -1.477113
      -2.289395           -1.500187
      -2.284892           -1.524101
      -2.280390           -1.548895
      -2.275888           -1.574609
      -2.271386           -1.601290
      -2.266883           -1.628986
      -2.262381           -1.657750
      -2.257879           -1.687635
      -2.253377           -1.718701
      -2.248874           -1.751013
      -2.244372           -1.784639
      -2.239870           -1.819651
      -2.235368           -1.856130
      -2.230865           -1.894161
      -2.226363           -1.933836
      -2.221861           -1.975255
      -2.217359           -2.018526
      -2.212856           -2.063767
      -2.208354           -2.111105
      -2.203852           -2.160678
      -2.199350           -2.212640
      -2.194847           -2.267154
      -2.190345           -2.324402
      -2.185843           -2.384583
      -2.181341           -2.447916
      -2.176838           -2.514641
      -2.172336           -2.585025
      -2.167834           -2.659361
      -2.163332           -2.737979
      -2.158829           -2.821241
      -2.154327           -2.909555
      -2.149825           -3.003377
      -2.145323           -3.103219
      -2.140820           -3.209660
      -2.136318           -3.323354
      -2.131816           -3.445045
      -2.127314           -3.575583
      -2.122811           -3.715942
      -2.118309           -3.867243
      -2.113807           -4.030788
      -2.109305           -4.208090
      -2.104802           -4.400924
      -2.100300           -4.611383
      -2.095798           -4.841954
      -2.091296           -5.095615
      -2.086793           -5.375960
      -2.082291           -5.687374
      -2.077789           -6.035252
      -2.073287           -6.426319
      -2.068784           -6.869057
      -2.064282           -7.374329
      -2.059780           -7.956267
      -2.055278           -8.633609
      -2.050775           -9.431737
      -2.046273          -10.385917
      -2.041771          -11.546612
      -2.037269          -12.988677
      -2.032766          -14.828104
      -2.028264          -17.254795
      -2.023762                 NaN
      -2.019260                 NaN
      -2.014757                 NaN
      -2.010255                 NaN
      -2.005753                 NaN
      -2.001251                 NaN
      -1.996748                 NaN
      -1.992246                 NaN
      -1.987744                 NaN
      -1.983242                 NaN
      -1.978739                 NaN
      -1.974237           19.893787
      -1.969735           17.011091
      -1.965233           14.876169
      -1.960730           13.231837
      -1.956228           11.926723
      -1.951726           10.865927
      -1.947224            9.986933
      -1.942721            9.246878
      -1.938219            8.615398
      -1.933717            8.070374
      -1.929215            7.595319
      -1.924712            7.177687
      -1.920210            6.807766
      -1.915708            6.477918
      -1.911206            6.182054
      -1.906703            5.915262
      -1.902201            5.673532
      -1.897699            5.453563
      -1.893197            5.252610
      -1.888694            5.068370
      -1.884192            4.898902
      -1.879690            4.742552
      -1.875188            4.597908
      -1.870685            4.463753
      -1.866183            4.339034
      -1.861681            4.222836
      -1.857179            4.114359
      -1.852676            4.012900
      -1.848174            3.917842
      -1.843672            3.828637
      -1.839170            3.744799
      -1.834667            3.665896
      -1.830165            3.591541
      -1.825663            3.521387
      -1.821161            3.455122
      -1.816658            3.392467
      -1.812156            3.333167
      -1.807654            3.276992
      -1.803152            3.223734
      -1.798649            3.173202
      -1.794147            3.125224
      -1.789645            3.079642
      -1.785143            3.036310
      -1.780640            2.995096
      -1.776138            2.955878
      -1.771636            2.918544
      -1.767134            2.882990
      -1.762631            2.849121
      -1.758129            2.816850
      -1.753627            2.786094
      -1.749125            2.756779
      -1.744622            2.728833
      -1.740120            2.702192
      -1.735618            2.676796
      -1.731116            2.652589
      -1.726613            2.629518
      -1.722111            2.607534
      -1.717609            2.586591
      -1.713107            2.566649
      -1.708604            2.547665
      -1.704102            2.529605
      -1.699600            2.512432
      -1.695098            2.496115
      -1.690595            2.480623
      -1.686093            2.465928
      -1.681591            2.452002
      -1.677089            2.438822
      -1.672586            2.426364
      -1.668084            2.414605
      -1.663582            2.403526
      -1.659080            2.393106
      -1.654577            2.383329
      -1.650075            2.374177
      -1.645573            2.365635
      -1.641071            2.357687
      -1.636568            2.350320
      -1.632066            2.343521
      -1.627564            2.337279
      -1.623062            2.331581
      -1.618559            2.326418
      -1.614057            2.321780
      -1.609555            2.317658
      -1.605053            2.314043
      -1.600550            2.310929
      -1.596048            2.308309
      -1.591546            2.306176
      -1.587044            2.304524
      -1.582541            2.303348
      -1.578039            2.302644
      -1.573537            2.302407
      -1.569035            2.302635
      -1.564532            2.303323
      -1.560030            2.304470
      -1.555528            2.306074
      -1.551026            2.308132
      -1.546523            2.310644
      -1.542021            2.313609
      -1.537519            2.317027
      -1.533017            2.320899
      -1.528514            2.325224
      -1.524012            2.330004
      -1.519510            2.335241
      -1.515008            2.340937
      -1.510505            2.347094
      -1.506003            2.353715
      -1.501501            2.360804
      -1.496998            2.368365
      -1.492496            2.376402
      -1.487994            2.384919
      -1.483492            2.393923
      -1.478989            2.403419
      -1.474487            2.413413
      -1.469985            2.423912
      -1.465483            2.434924
      -1.460980            2.446456
      -1.456478            2.458517
      -1.451976            2.471117
      -1.447474            2.484264
      -1.442971            2.497969
      -1.438469            2.512243
      -1.433967            2.527098
      -1.429465            2.542546
      -1.424962            2.558599
      -1.420460            2.575273
      -1.415958            2.592580
      -1.411456            2.610538
      -1.406953            2.629161
      -1.402451            2.648467
      -1.397949            2.668475
      -1.393447            2.689202
      -1.388944            2.710671
      -1.384442            2.732901
      -1.379940            2.755915
      -1.375438            2.779737
      -1.370935            2.804392
      -1.366433            2.829906
      -1.361931            2.856307
      -1.357429            2.883624
      -1.352926            2.911888
      -1.348424            2.941132
      -1.343922            2.971391
      -1.339420            3.002700
      -1.334917            3.035099
      -1.330415            3.068628
      -1.325913            3.103331
      -1.321411            3.139253
      -1.316908            3.176442
      -1.312406            3.214951
      -1.307904            3.254833
      -1.303402            3.296146
      -1.298899            3.338952
      -1.294397            3.383316
      -1.289895            3.429307
      -1.285393            3.477000
      -1.280890            3.526473
      -1.276388            3.577811
      -1.271886            3.631102
      -1.267384            3.686443
      -1.262881            3.743936
      -1.258379            3.803691
      -1.253877            3.865826
      -1.249375            3.930466
      -1.244872            3.997748
      -1.240370            4.067818
      -1.235868            4.140831
      -1.231366            4.216959
      -1.226863            4.296384
      -1.222361            4.379303
      -1.217859            4.465932
      -1.213357            4.556502
      -1.208854            4.651267
      -1.204352            4.750501
      -1.199850            4.854504
      -1.195348            4.963605
      -1.190845            5.078161
      -1.186343            5.198567
      -1.181841            5.325254
      -1.177339            5.458701
      -1.172836            5.599431
      -1.168334            5.748030
      -1.163832            5.905143
      -1.159330            6.071490
      -1.154827            6.247877
      -1.150325            6.435202
      -1.145823            6.634478
      -1.141321            6.846847
      -1.136818            7.073597
      -1.132316            7.316198
      -1.127814            7.576322
      -1.123312            7.855888
      -1.118809            8.157105
      -1.114307            8.482530
      -1.109805            8.835141
      -1.105303            9.218423
      -1.100800            9.636486
      -1.096298           10.094208
      -1.091796           10.597423
      -1.087294           11.153171
      -1.082791           11.770022
      -1.078289           12.458518
      -1.073787           13.231773
      -1.069285           14.106311
      -1.064782           15.103252
      -1.060280           16.250021
      -1.055778           17.582901
      -1.051276           19.150919
      -1.046773                 NaN
      -1.042271                 NaN
      -1.037769                 NaN
      -1.033267                 NaN
      -1.028764                 NaN
      -1.024262                 NaN
      -1.019760                 NaN
      -1.015258                 NaN
      -1.010755                 NaN
      -1.006253                 NaN
      -1.001751                 NaN
      -0.997249                 NaN
      -0.992746                 NaN
      -0.988244                 NaN
      -0.983742                 NaN
      -0.979240                 NaN
      -0.974737                 NaN
      -0.970235                 NaN
      -0.965733                 NaN
      -0.961231                 NaN
      -0.956728                 NaN
      -0.952226                 NaN
      -0.947724          -19.627371
      -0.943222          -18.117185
      -0.938719          -16.829915
      -0.934217          -15.719797
      -0.929715          -14.752796
      -0.925213          -13.903072
      -0.920710          -13.150652
      -0.916208          -12.479860
      -0.911706          -11.878214
      -0.907204          -11.335657
      -0.902701          -10.843992
      -0.898199          -10.396473
      -0.893697           -9.987497
      -0.889195           -9.612371
      -0.884692           -9.267137
      -0.880190           -8.948431
      -0.875688           -8.653375
      -0.871186           -8.379497
      -0.866683           -8.124656
      -0.862181           -7.886992
      -0.857679           -7.664881
      -0.853177           -7.456898
      -0.848674           -7.261788
      -0.844172           -7.078440
      -0.839670           -6.905869
      -0.835168           -6.743198
      -0.830665           -6.589642
      -0.826163           -6.444500
      -0.821661           -6.307140
      -0.817159           -6.176992
      -0.812656           -6.053542
      -0.808154           -5.936325
      -0.803652           -5.824918
      -0.799150           -5.718934
      -0.794647           -5.618025
      -0.790145           -5.521868
      -0.785643           -5.430171
      -0.781141           -5.342664
      -0.776638           -5.259099
      -0.772136           -5.179249
      -0.767634           -5.102903
      -0.763132           -5.029869
      -0.758629           -4.959967
      -0.754127           -4.893031
      -0.749625           -4.828907
      -0.745123           -4.767452
      -0.740620           -4.708534
      -0.736118           -4.652030
      -0.731616           -4.597824
      -0.727114           -4.545809
      -0.722611           -4.495885
      -0.718109           -4.447958
      -0.713607           -4.401941
      -0.709105           -4.357752
      -0.704602           -4.315315
      -0.700100           -4.274557
      -0.695598           -4.235411
      -0.691096           -4.197814
      -0.686593           -4.161706
      -0.682091           -4.127031
      -0.677589           -4.093737
      -0.673087           -4.061774
      -0.668584           -4.031095
      -0.664082           -4.001658
      -0.659580           -3.973419
      -0.655078           -3.946341
      -0.650575           -3.920386
      -0.646073           -3.895521
      -0.641571           -3.871712
      -0.637069           -3.848929
      -0.632566           -3.827142
      -0.628064           -3.806324
      -0.623562           -3.786450
      -0.619060           -3.767495
      -0.614557           -3.749437
      -0.610055           -3.732253
      -0.605553           -3.715924
      -0.601051           -3.700430
      -0.596548           -3.685753
      -0.592046           -3.671877
      -0.587544           -3.658786
      -0.583042           -3.646465
      -0.578539           -3.634901
      -0.574037           -3.624079
      -0.569535           -3.613990
      -0.565033           -3.604621
      -0.560530           -3.595962
      -0.556028           -3.588003
      -0.551526           -3.580737
      -0.547024           -3.574154
      -0.542521           -3.568249
      -0.538019           -3.563014
      -0.533517           -3.558443
      -0.529015           -3.554532
      -0.524512           -3.551276
      -0.520010           -3.548671
      -0.515508           -3.546714
      -0.511006           -3.545403
      -0.506503           -3.544736
      -0.502001           -3.544712
      -0.497499           -3.545330
      -0.492996           -3.546591
      -0.488494           -3.548494
      -0.483992           -3.551042
      -0.479490           -3.554236
      -0.474987           -3.558079
      -0.470485           -3.562574
      -0.465983           -3.567725
      -0.461481           -3.573538
      -0.456978           -3.580016
      -0.452476           -3.587166
      -0.447974           -3.594995
      -0.443472           -3.603509
      -0.438969           -3.612718
      -0.434467           -3.622630
      -0.429965           -3.633255
      -0.425463           -3.644602
      -0.420960           -3.656684
      -0.416458           -3.669513
      -0.411956           -3.683101
      -0.407454           -3.697463
      -0.402951           -3.712613
      -0.398449           -3.728568
      -0.393947           -3.745345
      -0.389445           -3.762961
      -0.384942           -3.781437
      -0.380440           -3.800792
      -0.375938           -3.821048
      -0.371436           -3.842229
      -0.366933           -3.864359
      -0.362431           -3.887464
      -0.357929           -3.911572
      -0.353427           -3.936712
      -0.348924           -3.962915
      -0.344422           -3.990215
      -0.339920           -4.018646
      -0.335418           -4.048244
      -0.330915           -4.079050
      -0.326413           -4.111106
      -0.321911           -4.144455
      -0.317409           -4.179144
      -0.312906           -4.215224
      -0.308404           -4.252748
      -0.303902           -4.291771
      -0.299400           -4.332355
      -0.294897           -4.374562
      -0.290395           -4.418461
      -0.285893           -4.464125
      -0.281391           -4.511630
      -0.276888           -4.561060
      -0.272386           -4.612503
      -0.267884           -4.666053
      -0.263382           -4.721811
      -0.258879           -4.779885
      -0.254377           -4.840391
      -0.249875           -4.903454
      -0.245373           -4.969208
      -0.240870           -5.037797
      -0.236368           -5.109376
      -0.231866           -5.184112
      -0.227364           -5.262187
      -0.222861           -5.343795
      -0.218359           -5.429150
      -0.213857           -5.518480
      -0.209355           -5.612037
      -0.204852           -5.710091
      -0.200350           -5.812939
      -0.195848           -5.920906
      -0.191346           -6.034346
      -0.186843           -6.153648
      -0.182341           -6.279241
      -0.177839           -6.411594
      -0.173337           -6.551228
      -0.168834           -6.698720
      -0.164332           -6.854707
      -0.159830           -7.019902
      -0.155328           -7.195098
      -0.150825           -7.381184
      -0.146323           -7.579159
      -0.141821           -7.790147
      -0.137319           -8.015422
      -0.132816           -8.256430
      -0.128314           -8.514819
      -0.123812           -8.792478
      -0.119310           -9.091582
      -0.114807           -9.414646
      -0.110305           -9.764596
      -0.105803          -10.144856
      -0.101301          -10.559461
      -0.096798          -11.013193
      -0.092296          -11.511771
      -0.087794          -12.062085
      -0.083292          -12.672516
      -0.078789          -13.353361
      -0.074287          -14.117412
      -0.069785          -14.980764
      -0.065283          -15.963951
      -0.060780          -17.093593
      -0.056278          -18.404826
      -0.051776          -19.945011
      -0.047274                 NaN
      -0.042771                 NaN
      -0.038269                 NaN
      -0.033767                 NaN
      -0.029265                 NaN
      -0.024762                 NaN
      -0.020260                 NaN
      -0.015758                 NaN
      -0.011256                 NaN
      -0.006753                 NaN
      -0.002251                 NaN
       0.002251                 NaN
       0.006753                 NaN
       0.011256                 NaN
       0.015758                 NaN
       0.020260                 NaN
       0.024762                 NaN
       0.029265                 NaN
       0.033767                 NaN
       0.038269                 NaN
       0.042771                 NaN
       0.047274                 NaN
       0.051776           18.785700
       0.056278           17.244627
       0.060780           15.932430
       0.065283           14.801749
       0.069785           13.817447
       0.074287           12.952905
       0.078789           12.187587
       0.083292           11.505398
       0.087794           10.893547
       0.092296           10.341735
       0.096798            9.841582
       0.101301            9.386196
       0.105803            8.969859
       0.110305            8.587787
       0.114807            8.235946
       0.119310            7.910912
       0.123812            7.609756
       0.128314            7.329964
       0.132816            7.069360
       0.137319            6.826055
       0.141821            6.598400
       0.146323            6.384948
       0.150825            6.184425
       0.155328            5.995706
       0.159830            5.817791
       0.164332            5.649790
       0.168834            5.490910
       0.173337            5.340437
       0.177839            5.197732
       0.182341            5.062218
       0.186843            4.933375
       0.191346            4.810729
       0.195848            4.693853
       0.200350            4.582356
       0.204852            4.475883
       0.209355            4.374109
       0.213857            4.276735
       0.218359            4.183488
       0.222861            4.094118
       0.227364            4.008394
       0.231866            3.926102
       0.236368            3.847044
       0.240870            3.771040
       0.245373            3.697920
       0.249875            3.627528
       0.254377            3.559717
       0.258879            3.494353
       0.263382            3.431310
       0.267884            3.370470
       0.272386            3.311722
       0.276888            3.254965
       0.281391            3.200102
       0.285893            3.147043
       0.290395            3.095704
       0.294897            3.046005
       0.299400            2.997872
       0.303902            2.951235
       0.308404            2.906028
       0.312906            2.862189
       0.317409            2.819658
       0.321911            2.778381
       0.326413            2.738306
       0.330915            2.699383
       0.335418            2.661565
       0.339920            2.624807
       0.344422            2.589069
       0.348924            2.554310
       0.353427            2.520492
       0.357929            2.487580
       0.362431            2.455539
       0.366933            2.424337
       0.371436            2.393944
       0.375938            2.364329
       0.380440            2.335466
       0.384942            2.307327
       0.389445            2.279887
       0.393947            2.253121
       0.398449            2.227007
       0.402951            2.201523
       0.407454            2.176648
       0.411956            2.152360
       0.416458            2.128642
       0.420960            2.105474
       0.425463            2.082839
       0.429965            2.060719
       0.434467            2.039100
       0.438969            2.017964
       0.443472            1.997298
       0.447974            1.977087
       0.452476            1.957317
       0.456978            1.937974
       0.461481            1.919047
       0.465983            1.900523
       0.470485            1.882390
       0.474987            1.864637
       0.479490            1.847253
       0.483992            1.830229
       0.488494            1.813552
       0.492996            1.797215
       0.497499            1.781208
       0.502001            1.765521
       0.506503            1.750146
       0.511006            1.735075
       0.515508            1.720300
       0.520010            1.705812
       0.524512            1.691605
       0.529015            1.677670
       0.533517            1.664002
       0.538019            1.650593
       0.542521            1.637437
       0.547024            1.624527
       0.551526            1.611857
       0.556028            1.599422
       0.560530            1.587215
       0.565033            1.575232
       0.569535            1.563466
       0.574037            1.551913
       0.578539            1.540568
       0.583042            1.529425
       0.587544            1.518480
       0.592046            1.507728
       0.596548            1.497165
       0.601051            1.486787
       0.605553            1.476589
       0.610055            1.466568
       0.614557            1.456719
       0.619060            1.447039
       0.623562            1.437524
       0.628064            1.428171
       0.632566            1.418975
       0.637069            1.409934
       0.641571            1.401044
       0.646073            1.392302
       0.650575            1.383705
       0.655078            1.375249
       0.659580            1.366933
       0.664082            1.358753
       0.668584            1.350707
       0.673087            1.342791
       0.677589            1.335003
       0.682091            1.327341
       0.686593            1.319801
       0.691096            1.312382
       0.695598            1.305082
       0.700100            1.297897
       0.704602            1.290826
       0.709105            1.283866
       0.713607            1.277016
       0.718109            1.270273
       0.722611            1.263636
       0.727114            1.257102
       0.731616            1.250669
       0.736118            1.244336
       0.740620            1.238101
       0.745123            1.231961
       0.749625            1.225916
       0.754127            1.219964
       0.758629            1.214102
       0.763132            1.208330
       0.767634            1.202645
       0.772136            1.197047
       0.776638            1.191533
       0.781141            1.186103
       0.785643            1.180755
       0.790145            1.175487
       0.794647            1.170298
       0.799150            1.165187
       0.803652            1.160152
       0.808154            1.155192
       0.812656            1.150307
       0.817159            1.145494
       0.821661            1.140753
       0.826163            1.136083
       0.830665            1.131481
       0.835168            1.126948
       0.839670            1.122482
       0.844172            1.118083
       0.848674            1.113748
       0.853177            1.109477
       0.857679            1.105269
       0.862181            1.101124
       0.866683            1.097039
       0.871186            1.093015
       0.875688            1.089050
       0.880190            1.085144
       0.884692            1.081295
       0.889195            1.077503
       0.893697            1.073767
       0.898199            1.070086
       0.902701            1.066459
       0.907204            1.062886
       0.911706            1.059365
       0.916208            1.055897
       0.920710            1.052480
       0.925213            1.049113
       0.929715            1.045796
       0.934217            1.042529
       0.938719            1.039310
       0.943222            1.036139
       0.947724            1.033015
       0.952226            1.029938
       0.956728            1.026906
       0.961231            1.023920
       0.965733            1.020979
       0.970235            1.018082
       0.974737            1.015228
       0.979240            1.012418
       0.983742            1.009650
       0.988244            1.006924
       0.992746            1.004239
       0.997249            1.001596
       1.001751            0.998992
       1.006253            0.996429
       1.010755            0.993905
       1.015258            0.991420
       1.019760            0.988974
       1.024262            0.986565
       1.028764            0.984194
       1.033267            0.981860
       1.037769            0.979563
       1.042271            0.977302
       1.046773            0.975077
       1.051276            0.972887
       1.055778            0.970733
       1.060280            0.968613
       1.064782            0.966527
       1.069285            0.964475
       1.073787            0.962457
       1.078289            0.960471
       1.082791            0.958519
       1.087294            0.956598
       1.091796            0.954710
       1.096298            0.952854
       1.100800            0.951029
       1.105303            0.949235
       1.109805            0.947471
       1.114307            0.945738
       1.118809            0.944035
       1.123312            0.942362
       1.127814            0.940719
       1.132316            0.939105
       1.136818            0.937519
       1.141321            0.935962
       1.145823            0.934434
       1.150325            0.932934
       1.154827            0.931461
       1.159330            0.930016
       1.163832            0.928598
       1.168334            0.927207
       1.172836            0.925843
       1.177339            0.924506
       1.181841            0.923195
       1.186343            0.921910
       1.190845            0.920651
       1.195348            0.919417
       1.199850            0.918209
       1.204352            0.917025
       1.208854            0.915867
       1.213357            0.914734
       1.217859            0.913625
       1.222361            0.912540
       1.226863            0.911480
       1.231366            0.910443
       1.235868            0.909430
       1.240370            0.908441
       1.244872            0.907475
       1.249375            0.906532
       1.253877            0.905612
       1.258379            0.904715
       1.262881            0.903840
       1.267384            0.902988
       1.271886            0.902158
       1.276388            0.901351
       1.280890            0.900565
       1.285393            0.899801
       1.289895            0.899059
       1.294397            0.898338
       1.298899            0.897638
       1.303402            0.896960
       1.307904            0.896303
       1.312406            0.895667
       1.316908            0.895051
       1.321411            0.894456
       1.325913            0.893882
       1.330415            0.893328
       1.334917            0.892794
       1.339420            0.892280
       1.343922            0.891787
       1.348424            0.891313
       1.352926            0.890858
       1.357429            0.890424
       1.361931            0.890009
       1.366433            0.889613
       1.370935            0.889237
       1.375438            0.888880
       1.379940            0.888542
       1.384442            0.888222
       1.388944            0.887922
       1.393447            0.887640
       1.397949            0.887377
       1.402451            0.887133
       1.406953            0.886907
       1.411456            0.886700
       1.415958            0.886510
       1.420460            0.886339
       1.424962            0.886186
       1.429465            0.886051
       1.433967            0.885934
       1.438469            0.885835
       1.442971            0.885753
       1.447474            0.885689
       1.451976            0.885643
       1.456478            0.885615
       1.460980            0.885603
       1.465483            0.885610
       1.469985            0.885633
       1.474487            0.885674
       1.478989            0.885732
       1.483492            0.885807
       1.487994            0.885899
       1.492496            0.886008
       1.496998            0.886134
       1.501501            0.886276
       1.506003            0.886436
       1.510505            0.886612
       1.515008            0.886805
       1.519510            0.887015
       1.524012            0.887241
       1.528514            0.887484
       1.533017            0.887743
       1.537519            0.888019
       1.542021            0.888311
       1.546523            0.888619
       1.551026            0.888944
       1.555528            0.889285
       1.560030            0.889642
       1.564532            0.890015
       1.569035            0.890404
       1.573537            0.890810
       1.578039            0.891231
       1.582541            0.891668
       1.587044            0.892122
       1.591546            0.892591
       1.596048            0.893076
       1.600550            0.893577
       1.605053            0.894094
       1.609555            0.894627
       1.614057            0.895176
       1.618559            0.895740
       1.623062            0.896320
       1.627564            0.896915
       1.632066            0.897527
       1.636568            0.898154
       1.641071            0.898796
       1.645573            0.899454
       1.650075            0.900128
       1.654577            0.900817
       1.659080            0.901522
       1.663582            0.902243
       1.668084            0.902979
       1.672586            0.903730
       1.677089            0.904497
       1.681591            0.905279
       1.686093            0.906077
       1.690595            0.906890
       1.695098            0.907719
       1.699600            0.908563
       1.704102            0.909422
       1.708604            0.910297
       1.713107            0.911188
       1.717609            0.912093
       1.722111            0.913014
       1.726613            0.913951
       1.731116            0.914903
       1.735618            0.915870
       1.740120            0.916852
       1.744622            0.917850
       1.749125            0.918864
       1.753627            0.919892
       1.758129            0.920936
       1.762631            0.921996
       1.767134            0.923071
       1.771636            0.924161
       1.776138            0.925267
       1.780640            0.926388
       1.785143            0.927524
       1.789645            0.928676
       1.794147            0.929843
       1.798649            0.931026
       1.803152            0.932224
       1.807654            0.933438
       1.812156            0.934667
       1.816658            0.935911
       1.821161            0.937171
       1.825663            0.938447
       1.830165            0.939738
       1.834667            0.941045
       1.839170            0.942367
       1.843672            0.943705
       1.848174            0.945058
       1.852676            0.946427
       1.857179            0.947811
       1.861681            0.949212
       1.866183            0.950628
       1.870685            0.952059
       1.875188            0.953506
       1.879690            0.954969
       1.884192            0.956448
       1.888694            0.957943
       1.893197            0.959453
       1.897699            0.960980
       1.902201            0.962522
       1.906703            0.964080
       1.911206            0.965654
       1.915708            0.967244
       1.920210            0.968850
       1.924712            0.970472
       1.929215            0.972110
       1.933717            0.973764
       1.938219            0.975434
       1.942721            0.977120
       1.947224            0.978823
       1.951726            0.980541
       1.956228            0.982276
       1.960730            0.984028
       1.965233            0.985795
       1.969735            0.987579
       1.974237            0.989380
       1.978739            0.991197
       1.983242            0.993030
       1.987744            0.994880
       1.992246            0.996747
       1.996748            0.998630
       2.001251            1.000529
       2.005753            1.002446
       2.010255            1.004379
       2.014757            1.006329
       2.019260            1.008296
       2.023762            1.010280
       2.028264            1.012281
       2.032766            1.014298
       2.037269            1.016333
       2.041771            1.018385
       2.046273            1.020454
       2.050775            1.022540
       2.055278            1.024643
       2.059780            1.026764
       2.064282            1.028902
       2.068784            1.031058
       2.073287            1.033231
       2.077789            1.035421
       2.082291            1.037629
       2.086793            1.039855
       2.091296            1.042098
       2.095798            1.044359
       2.100300            1.046638
       2.104802            1.048935
       2.109305            1.051250
       2.113807            1.053583
       2.118309            1.055933
       2.122811            1.058302
       2.127314            1.060690
       2.131816            1.063095
       2.136318            1.065519
       2.140820            1.067961
       2.145323            1.070421
       2.149825            1.072900
       2.154327            1.075398
       2.158829            1.077914
       2.163332            1.080449
       2.167834            1.083003
       2.172336            1.085576
       2.176838            1.088168
       2.181341            1.090778
       2.185843            1.093408
       2.190345            1.096057
       2.194847            1.098725
       2.199350            1.101413
       2.203852            1.104120
       2.208354            1.106846
       2.212856            1.109592
       2.217359            1.112358
       2.221861            1.115143
       2.226363            1.117948
       2.230865            1.120773
       2.235368            1.123618
       2.239870            1.126483
       2.244372            1.129368
       2.248874            1.132274
       2.253377            1.135199
       2.257879            1.138145
       2.262381            1.141112
       2.266883            1.144099
       2.271386            1.147107
       2.275888            1.150135
       2.280390            1.153185
       2.284892            1.156255
       2.289395            1.159346
       2.293897            1.162459
       2.298399            1.165593
       2.302901            1.168748
       2.307404            1.171924
       2.311906            1.175122
       2.316408            1.178341
       2.320910            1.181583
       2.325413            1.184846
       2.329915            1.188131
       2.334417            1.191437
       2.338919            1.194767
       2.343422            1.198118
       2.347924            1.201491
       2.352426            1.204887
       2.356928            1.208306
       2.361431            1.211747
       2.365933            1.215211
       2.370435            1.218698
       2.374937            1.222207
       2.379440            1.225740
       2.383942            1.229296
       2.388444            1.232875
       2.392946            1.236478
       2.397449            1.240104
       2.401951            1.243754
       2.406453            1.247427
       2.410955            1.251125
       2.415458            1.254846
       2.419960            1.258592
       2.424462            1.262362
       2.428964            1.266156
       2.433467            1.269974
       2.437969            1.273818
       2.442471            1.277685
       2.446973            1.281578
       2.451476            1.285496
       2.455978            1.289439
       2.460480            1.293407
       2.464982            1.297400
       2.469485            1.301419
       2.473987            1.305464
       2.478489            1.309534
       2.482991            1.313630
       2.487494            1.317752
       2.491996            1.321901
       2.496498            1.326075
       2.501001            1.330276
       2.505503            1.334504
       2.510005            1.338758
       2.514507            1.343039
       2.519010            1.347348
       2.523512            1.351683
       2.528014            1.356045
       2.532516            1.360435
       2.537019            1.364853
       2.541521            1.369298
       2.546023            1.373771
       2.550525            1.378273
       2.555028            1.382802
       2.559530            1.387359
       2.564032            1.391946
       2.568534            1.396560
       2.573037            1.401204
       2.577539            1.405876
       2.582041            1.410578
       2.586543            1.415309
       2.591046            1.420069
       2.595548            1.424859
       2.600050            1.429678
       2.604552            1.434528
       2.609055            1.439407
       2.613557            1.444317
       2.618059            1.449257
       2.622561            1.454228
       2.627064            1.459229
       2.631566            1.464262
       2.636068            1.469325
       2.640570            1.474420
       2.645073            1.479546
       2.649575            1.484704
       2.654077            1.489894
       2.658579            1.495115
       2.663082            1.500369
       2.667584            1.505655
       2.672086            1.510973
       2.676588            1.516325
       2.681091            1.521709
       2.685593            1.527126
       2.690095            1.532577
       2.694597            1.538061
       2.699100            1.543578
       2.703602            1.549130
       2.708104            1.554715
       2.712606            1.560335
       2.717109            1.565989
       2.721611            1.571678
       2.726113            1.577402
       2.730615            1.583160
       2.735118            1.588954
       2.739620            1.594783
       2.744122            1.600648
       2.748624            1.606549
       2.753127            1.612486
       2.757629            1.618459
       2.762131            1.624469
       2.766633            1.630515
       2.771136            1.636599
       2.775638            1.642719
       2.780140            1.648877
       2.784642            1.655072
       2.789145            1.661305
       2.793647            1.667576
       2.798149            1.673886
       2.802651            1.680234
       2.807154            1.686620
       2.811656            1.693046
       2.816158            1.699510
       2.820660            1.706014
       2.825163            1.712558
       2.829665            1.719142
       2.834167            1.725765
       2.838669            1.732429
       2.843172            1.739134
       2.847674            1.745879
       2.852176            1.752666
       2.856678            1.759494
       2.861181            1.766363
       2.865683            1.773275
       2.870185            1.780228
       2.874687            1.787224
       2.879190            1.794262
       2.883692            1.801343
       2.888194            1.808467
       2.892696            1.815635
       2.897199            1.822846
       2.901701            1.830101
       2.906203            1.837400
       2.910705            1.844744
       2.915208            1.852133
       2.919710            1.859566
       2.924212            1.867045
       2.928714            1.874569
       2.933217            1.882139
       2.937719            1.889755
       2.942221            1.897418
       2.946723            1.905127
       2.951226            1.912883
       2.955728            1.920687
       2.960230            1.928538
       2.964732            1.936437
       2.969235            1.944384
       2.973737            1.952379
       2.978239            1.960423
       2.982741            1.968516
       2.987244            1.976659
       2.991746            1.984851
       2.996248            1.993093
       3.000750            2.001386
       3.005253            2.009729
       3.009755            2.018122
       3.014257            2.026568
       3.018759            2.035064
       3.023262            2.043613
       3.027764            2.052213
       3.032266            2.060867
       3.036768            2.069573
       3.041271            2.078332
       3.045773            2.087145
       3.050275            2.096011
       3.054777            2.104932
       3.059280            2.113907
       3.063782            2.122938
       3.068284            2.132023
       3.072786            2.141164
       3.077289            2.150361
       3.081791            2.159614
       3.086293            2.168924
       3.090795            2.178291
       3.095298            2.187716
       3.099800            2.197198
       3.104302            2.206738
       3.108804            2.216336
       3.113307            2.225994
       3.117809            2.235710
       3.122311            2.245486
       3.126813            2.255323
       3.131316            2.265219
       3.135818            2.275177
       3.140320            2.285195
       3.144822            2.295275
       3.149325            2.305417
       3.153827            2.315621
       3.158329            2.325888
       3.162831            2.336218
       3.167334            2.346612
       3.171836            2.357070
       3.176338            2.367592
       3.180840            2.378179
       3.185343            2.388831
       3.189845            2.399548
       3.194347            2.410332
       3.198849            2.421182
       3.203352            2.432099
       3.207854            2.443083
       3.212356            2.454136
       3.216858            2.465256
       3.221361            2.476445
       3.225863            2.487703
       3.230365            2.499031
       3.234867            2.510429
       3.239370            2.521897
       3.243872            2.533436
       3.248374            2.545047
       3.252876            2.556729
       3.257379            2.568484
       3.261881            2.580311
       3.266383            2.592212
       3.270885            2.604187
       3.275388            2.616236
       3.279890            2.628360
       3.284392            2.640558
       3.288894            2.652833
       3.293397            2.665184
       3.297899            2.677611
       3.302401            2.690116
       3.306903            2.702699
       3.311406            2.715360
       3.315908            2.728099
       3.320410            2.740918
       3.324912            2.753817
       3.329415            2.766796
       3.333917            2.779856
       3.338419            2.792997
       3.342921            2.806221
       3.347424            2.819527
       3.351926            2.832916
       3.356428            2.846388
       3.360930            2.859945
       3.365433            2.873586
       3.369935            2.887313
       3.374437            2.901126
       3.378939            2.915025
       3.383442            2.929011
       3.387944            2.943084
       3.392446            2.957246
       3.396948            2.971497
       3.401451            2.985837
       3.405953            3.000267
       3.410455            3.014787
       3.414957            3.029399
       3.419460            3.044102
       3.423962            3.058898
       3.428464            3.073787
       3.432966            3.088770
       3.437469            3.103847
       3.441971            3.119018
       3.446473            3.134286
       3.450975            3.149649
       3.455478            3.165109
       3.459980            3.180667
       3.464482            3.196323
       3.468984            3.212078
       3.473487            3.227932
       3.477989            3.243887
       3.482491            3.259942
       3.486993            3.276099
       3.491496            3.292358
       3.495998            3.308720
       3.500500            3.325186
       3.505003            3.341756
       3.509505            3.358430
       3.514007            3.375211
       3.518509            3.392098
       3.523012            3.409093
       3.527514            3.426195
       3.532016            3.443406
       3.536518            3.460726
       3.541021            3.478156
       3.545523            3.495698
       3.550025            3.513351
       3.554527            3.531116
       3.559030            3.548994
       3.563532            3.566987
       3.568034            3.585094
       3.572536            3.603317
       3.577039            3.621656
       3.581541            3.640112
       3.586043            3.658686
       3.590545            3.677379
       3.595048            3.696191
       3.599550            3.715124
       3.604052            3.734178
       3.608554            3.753354
       3.613057            3.772653
       3.617559            3.792075
       3.622061            3.811622
       3.626563            3.831295
       3.631066            3.851093
       3.635568            3.871019
       3.640070            3.891073
       3.644572            3.911256
       3.649075            3.931569
       3.653577            3.952013
       3.658079            3.972588
       3.662581            3.993296
       3.667084            4.014137
       3.671586            4.035112
       3.676088            4.056223
       3.680590            4.077470
       3.685093            4.098854
       3.689595            4.120377
       3.694097            4.142039
       3.698599            4.163840
       3.703102            4.185783
       3.707604            4.207868
       3.712106            4.230096
       3.716608            4.252468
       3.721111            4.274985
       3.725613            4.297648
       3.730115            4.320458
       3.734617            4.343416
       3.739120            4.366523
       3.743622            4.389781
       3.748124            4.413190
       3.752626            4.436751
       3.757129            4.460465
       3.761631            4.484334
       3.766133            4.508359
       3.770635            4.532540
       3.775138            4.556879
       3.779640            4.581376
       3.784142            4.606034
       3.788644            4.630853
       3.793147            4.655834
       3.797649            4.680978
       3.802151            4.706287
       3.806653            4.731761
       3.811156            4.757403
       3.815658            4.783212
       3.820160            4.809190
       3.824662            4.835339
       3.829165            4.861660
       3.833667            4.888153
       3.838169            4.914820
       3.842671            4.941663
       3.847174            4.968682
       3.851676            4.995879
       3.856178            5.023255
       3.860680            5.050811
       3.865183            5.078549
       3.869685            5.106470
       3.874187            5.134575
       3.878689            5.162865
       3.883192            5.191342
       3.887694            5.220007
       3.892196            5.248862
       3.896698            5.277908
       3.901201            5.307145
       3.905703            5.336577
       3.910205            5.366203
       3.914707            5.396025
       3.919210            5.426046
       3.923712            5.456265
       3.928214            5.486685
       3.932716            5.517307
       3.937219            5.548132
       3.941721            5.579162
       3.946223            5.610399
       3.950725            5.641844
       3.955228            5.673497
       3.959730            5.705362
       3.964232            5.737439
       3.968734            5.769730
       3.973237            5.802236
       3.977739            5.834960
       3.982241            5.867901
       3.986743            5.901063
       3.991246            5.934447
       3.995748            5.968054
       4.000250            6.001885
       4.004752            6.035944
       4.009255            6.070230
       4.013757            6.104746
       4.018259            6.139494
       4.022761            6.174475
       4.027264            6.209690
       4.031766            6.245142
       4.036268            6.280833
       4.040770            6.316763
       4.045273            6.352935
       4.049775            6.389350
       4.054277            6.426011
       4.058779            6.462918
       4.063282            6.500074
       4.067784            6.537481
       4.072286            6.575140
       4.076788            6.613054
       4.081291            6.651223
       4.085793            6.689651
       4.090295            6.728338
       4.094797            6.767287
       4.099300            6.806499
       4.103802            6.845977
       4.108304            6.885723
       4.112806            6.925738
       4.117309            6.966024
       4.121811            7.006584
       4.126313            7.047419
       4.130815            7.088531
       4.135318            7.129923
       4.139820            7.171596
       4.144322            7.213553
       4.148824            7.255795
       4.153327            7.298325
       4.157829            7.341145
       4.162331            7.384257
       4.166833            7.427663
       4.171336            7.471364
       4.175838            7.515365
       4.180340            7.559666
       4.184842            7.604269
       4.189345            7.649178
       4.193847            7.694394
       4.198349            7.739919
       4.202851            7.785756
       4.207354            7.831907
       4.211856            7.878375
       4.216358            7.925161
       4.220860            7.972268
       4.225363            8.019699
       4.229865            8.067456
       4.234367            8.115541
       4.238869            8.163956
       4.243372            8.212705
       4.247874            8.261789
       4.252376            8.311211
       4.256878            8.360974
       4.261381            8.411080
       4.265883            8.461532
       4.270385            8.512331
       4.274887            8.563482
       4.279390            8.614985
       4.283892            8.666845
       4.288394            8.719063
       4.292896            8.771643
       4.297399            8.824587
       4.301901            8.877897
       4.306403            8.931577
       4.310905            8.985629
       4.315408            9.040055
       4.319910            9.094860
       4.324412            9.150045
       4.328914            9.205613
       4.333417            9.261568
       4.337919            9.317912
       4.342421            9.374647
       4.346923            9.431778
       4.351426            9.489307
       4.355928            9.547236
       4.360430            9.605569
       4.364932            9.664310
       4.369435            9.723460
       4.373937            9.783023
       4.378439            9.843002
       4.382941            9.903401
       4.387444            9.964221
       4.391946           10.025468
       4.396448           10.087143
       4.400950           10.149249
       4.405453           10.211792
       4.409955           10.274772
       4.414457           10.338194
       4.418959           10.402062
       4.423462           10.466377
       4.427964           10.531145
       4.432466           10.596368
       4.436968           10.662049
       4.441471           10.728192
       4.445973           10.794801
       4.450475           10.861879
       4.454977           10.929430
       4.459480           10.997457
       4.463982           11.065963
       4.468484           11.134953
       4.472986           11.204430
       4.477489           11.274398
       4.481991           11.344860
       4.486493           11.415820
       4.490995           11.487283
       4.495498           11.559251
       4.500000           11.631728
